20
233 208
335 347
96 73
134 127
244 257
122 163
49 72
346 299
380 371
290 261
213 177
370 353
164 170
166 143
326 348
280 263
119 77
235 223
125 100
51 85
293 303
203 234
265 304
310 338
21 14
158 114
13 5
252 258
87 54
245 197
175 157
399 366
118 161
356 328
225 236
334 306
196 150
180 195
339 383
394 355
12 26
18 24
131 137
256 273
181 135
242 271
11 22
168 190
308 314
84 99
241 251
211 250
108 124
6 33
152 107
309 349
215 171
239 207
191 160
374 398
98 146
48 27
32 50
238 283
288 260
106 120