100
1 13
1 19
1 20
1 22
1 15
1 12
2 15
2 17
2 21
2 20
2 22
3 17
3 12
3 14
3 16
3 19
3 15
3 18
4 18
4 21
4 20
4 14
4 16
4 15
4 17
4 22
4 19
5 22
5 20
5 16
5 12
5 19
5 17
5 14
5 18
5 21
6 20
7 14
7 21
8 21
8 14
9 12
9 18
9 16
9 14
9 15
10 19
10 15
10 22
10 14
10 17
11 17
11 20
11 14
11 19
23 35
23 37
23 41
24 39
24 41
24 44
24 38
24 43
24 37
25 41
25 40
25 34
26 34
26 39
26 44
27 41
27 38
27 42
28 35
28 41
28 43
29 41
29 40
29 36
29 42
29 35
29 39
29 37
29 34
29 38
29 43
30 38
30 41
31 41
31 34
31 38
31 44
31 36
32 42
32 44
32 37
32 39
32 36
33 34
33 40
33 35
33 39
33 41
33 44
33 42
33 37
33 43
33 36
45 61
45 57
45 63
45 62
45 60
45 59
45 66
45 64
45 56
45 58
46 65
46 59
46 64
46 61
47 64
47 65
47 61
47 56
47 62
47 63
47 58
47 66
47 59
47 60
48 56
48 65
48 66
48 61
49 61
49 64
49 59
49 66
50 66
50 59
50 64
51 62
51 63
51 61
51 59
51 64
52 59
52 56
52 60
52 66
52 65
52 57
52 64
53 63
53 60
53 58
53 64
53 62
53 59
53 61
53 57
53 65
53 56
54 56
54 62
54 58
54 66
54 59
54 64
54 61
55 65
55 57
55 66
55 59
55 56
55 63
55 58
55 64
55 61
67 82
67 88
67 80
67 79
67 83
67 86
67 78
68 79
68 82
68 88
68 80
68 85
68 81
69 86
69 87
69 78
69 81
69 88
69 80
69 83
69 84
69 79
69 82
70 80
70 85
70 84
71 87
71 84
71 86
71 82
71 83
71 88
71 85
71 81
71 79
72 82
72 81
72 85
72 88
72 80
72 78
73 83
73 88
73 86
74 82
74 78
74 86
74 85
74 88
74 79
74 84
74 81
74 83
74 80
75 87
75 88
75 85
75 82
76 87
76 80
76 82
77 88
77 78
77 82
77 79
77 83