20
381 388
304 286
376 347
275 248
72 64
165 211
260 292
122 77
177 183
74 63
187 162
312 328
251 239
210 166
169 127
261 249
247 288
158 131
178 141
22 53
235 222
244 234
89 119
190 236
179 206
322 316
152 120
65 23
339 348
233 193
86 78
146 170
87 107
117 83
154 110
273 237
349 361
266 277
115 147
278 272
290 276
3 42
313 269
384 372
160 114
102 69
2 48
285 324
307 299
362 382
330 367
61 93
293 271
331 343
80 109
291 282
199 219
327 321
181 143
336 346
243 287
245 207
227 208
168 153
32 67
370 395