0385993366574049469136896
0311180624032222681235456
0597790988478314472013824
0362063179445440207650816
0033750430127264641318912
0761336159981743957344256
0801964532672001795424256
0133901134780758818291712
0858653571723643519500288
0343859463812919400071168
0299579632150237182689280
0030859322769257625812992
0922844671720884117962752
0260052079892544400392192
0997053448040512007176192
0416746460010741007122432
0221936514385878915743744
0060843325472523245584384
0052563018612309607055360
0021688803926981138710528
