9032
8008
4302
6320
3532
2478
1578
4285
8176
7606
4461
7827
6482
5902
7407
4695
6797
8683
4772
3360
9445
1538
7745
8832
4838
6334
7518
4641
1494
2608
5019
2259
5829
36
8430
6667
1413
8014
6040
7529
8882
4685
4759
8748
8527
631
2788
157
4419
3575
1672
3291
2389
6484
825
7303
5559
786
9894
2503
4962
6520
3425
7865
3551
1077
7555
7982
772
8438
9506
1054
7566
4912
5348
9664
8817
4062
6970
419
5770
6082
7226
8896
991
7645
3515
8519
4239
601
316
5522
5997
7405
8131
3621
3584
5143
5391
7913
1217
5145
2423
6705
4179
9140
5900
5444
1377
2851
6569
9621
8407
9663
7403
1075
8535
1120
2928
2799
4617
7689
6488
1888
4956
2315
9896
9746
5545
5139
2081
4376
4905
5865
162
3553
2516
4646
6550
2418
6606
9544
913
6912
1904
2293
9642
5987
7867
4569
4826
4496
4101
844
4341
3075
1818
3407
9496
2772
433
6504
4258
5104
7384
3157
1101
9132
1544
2988
1665
2403
2858
3817
3047
1631
3194
585
1525
1409
6646
8416
5341
6390
440
1488
8506
59
1657
5476
5875
3339
1990
4190
1029
6429
1349
1167
9299
125
4971
4997
9535
6943
4267
447
4608
9165
280
408
2243
5039
2177
5749
9620
6102
6107
6345
2777
3646
7871
1325
9015
5344
5954
3362
9593
3390
8429
271
1811
2148
4129
6735
3200
6194
7756
6585
5157
1640
1307
9984
2314
8494
7801
568
3845
6047
540
2986
1298
2747
1684
2900
7809
5100
628
3815
2005
9037
5176
6883
8942
1421
6767
1674
9129
7355
997
5060
34
8509
8630
7839
3408
1173
4697
3169
4589
900
4882
2437
1109
6927
457
7483
9398
1136
5786
2641
9011
430
1504
6322
1713
6296
5403
8997
4505
9959
959
4397
1207
6730
9117
4852
4203
2260
8340
2346
5499
2813
7897
9346
7461
1489
9470
1515
7800
5147
6029
351
9982
9847
3085
4211
9240
704
4200
3602
6153
4768
312
2422
4859
2281
5287
1049
8030
2526
2077
3387
9152
3351
9033
8963
2627
3188
1058
5528
4876
4829
2157
1403
7863
2059
3528
7166
9504
1826
7857
2944
9872
2010
4707
6038
6200
7829
6063
5452
8964
2889
6264
7361
5781
8149
6
4690
7702
6331
3874
8985
7288
6385
314
3197
2734
2296
5280
7219
4195
1294
1881
1105
9890
4254
7714
8286
6755
7813
6287
994
9101
9891
7422
1394
5609
5293
519
3170
789
9945
7345
4209
7350
3896
5488
4797
1306
1953
6011
4836
4485
3146
9643
1542
8970
1067
4089
9624
8221
1533
3865
9439
357
4078
4133
5806
2550
7186
9702
7960
7633
8731
7064
5921
4664
2987
998
1976
2439
417
1181
4632
7866
3986
207
2114
6536
1417
1663
3005
5184
689
6145
635
2909
9340
405
968
3567
8037
1493
392
1253
3397
8843
5163
9994
4494
8220
8933
3597
3052
7056
337
1348
6842
8669
2664
6422
5165
3442
2309
3003
6381
8153
6844
3004
7315
3306
4845
6965
2183
8297
6794
1744
3902
6862
9249
2336
9268
7945
931
6851
9194
2210
5732
9735
4906
7914
90
7848
6535
9580
5195
1259
5782
56
1927
8110
3937
2977
7160
4769
1925
8051
7362
4335
5036
6840
8930
6791
7432
469
4651
9508
2307
8362
791
1475
892
7349
5938
8836
9609
3715
6785
6374
2082
623
1104
9472
3836
5267
8361
3101
113
6092
1849
7909
1804
7844
5037
5500
4104
1438
256
2440
1021
1276
7451
3389
7109
9602
8617
5244
6332
9217
7135
2875
1589
8781
8785
9618
9798
8938
8723
4218
482
4466
3235
7010
1138
1321
8960
7190
3650
9907
3459
2647
1318
5945
9259
5337
3398
2685
5917
6685
4100
3041
596
3335
9450
962
3257
4504
80
9647
862
6196
1646
3232
9687
4243
4633
1061
2935
8518
6285
8234
9386
1832
9572
9056
8647
3498
6203
8039
8522
2713
4304
9761
1365
9521
4920
7941
255
875
8211
4964
8281
8858
1686
9708
8743
7490
7643
4534
7968
2002
4937
9485
4674
9571
9051
7601
2658
9792
5006
1481
691
5833
1201
7118
3020
2023
2727
5234
7294
5183
7047
9389
7625
9758
5790
7154
4034
7078
6027
1230
330
1369
770
5854
6938
9253
7488
8886
9699
6446
465
794
7036
4986
9198
9628
5357
641
6477
136
9862
2261
4041
490
3328
2854
4265
718
814
4675
9567
1196
2274
5649
6272
234
4755
4052
8027
3804
1522
6594
2994
5787
4558
173
2546
1370
6149
7738
2725
3334
1699
687
4659
3054
5240
7538
3493
4887
5142
6994
9498
3951
8626
7632
5988
3093
5050
8916
5048
504
8609
9946
1311
7030
9337
518
4480
3592
4325
1913
6892
2051
8906
5167
9765
284
3476
2396
2648
1982
5565
6984
5038
2116
4688
4886
478
2795
7787
5541
3669
7979
4864
1159
5911
4592
3555
3760
9929
6922
1023
6668
2430
6704
8708
5468
1107
5586
5189
7864
3417
7687
5447
8572
8399
6775
7232
3832
8585
4246
3325
5558
8459
6397
8450
831
8621
9852
1630
633
5686
9490
7861
4574
8290
7629
7334
7153
5932
3666
6853
6004
2538
2780
785
8099
8067
3855
799
4676
5054
5243
569
9677
2599
5929
5457
9270
5437
666
5604
1383
665
8965
995
697
9316
4394
2052
9052
4668
5766
4332
6248
7479
4437
7020
7693
4870
152
5594
4713
6346
570
7408
9477
237
481
3295
5531
2160
2326
8492
7144
377
7017
4730
6471
8064
4288
7286
9657
5939
3281
8855
6546
5268
6662
5324
6526
9123
3307
7075
2461
9468
9502
8028
7382
3693
4021
5067
2919
1947
8862
3711
8644
6964
9750
1055
5603
4187
282
1441
9323
382
4833
3440
1116
3332
3623
1715
3070
9755
5552
2135
1448
2931
4661
5471
5851
2686
8941
6395
2207
4047
6654
8086
4346
7819
7147
5835
2975
4432
553
3430
3327
3098
1954
6401
9775
5615
5589
8500
6352
1034
3904
7671
1898
5199
9321
2763
3938
2348
491
3042
2171
987
906
1604
6197
243
9111
4207
1938
98
874
18
5864
9437
9188
2262
4380
7457
5487
804
9455
4149
50
4440
3915
2493
4764
2227
7182
8106
6134
2605
9043
1845
7614
656
1056
2202
1108
6556
7569
2176
8517
2047
856
2897
5504
2989
996
7332
5783
4044
9666
9263
2842
8765
5250
1512
3624
2442
123
475
9062
2978
7287
4637
714
580
9717
5903
1444
6133
6122
4326
1148
533
426
1560
1183
9334
8419
2942
4681
3558
9339
2382
2030
1786
1705
3496
3064
7448
8741
8568
776
2459
4064
2945
8903
9228
2212
8655
1503
9648
5330
5882
1284
3977
1008
3472
8077
3684
7926
6378
6025
3251
4655
2531
8550
2115
5899
8551
51
1273
593
826
8714
6046
6367
1929
6088
8650
1765
2924
9713
8584
5697
7751
9640
6761
5063
7515
4528
9236
8021
6215
4719
9801
801
2495
2179
264
3445
213
4323
8715
1609
4542
2715
6202
9081
3731
9220
2874
6293
6623
4244
6610
1973
2673
1268
5385
8756
2267
7894
2361
6447
9449
5349
5933
7797
3718
1424
4096
5736
2765
4854
1152
5224
6740
833
7676
9898
7130
5569
1117
4567
2908
7699
4701
8565
4196
709
9105
441
4074
7522
8605
4858
787
6817
9873
6881
6389
6515
2175
5046
7199
2426
1838
2789
4344
1528
8076
2393
4744
8497
7023
3794
3234
8045
563
5951
6324
3008
7048
9176
1436
8929
4506
4018
3006
619
7666
7089
7986
1597
4198
138
8814
4082
2355
7973
2838
4396
7836
4856
907
7697
4802
121
5298
2029
6193
1986
7406
6094
3043
2501
2078
5049
2001
252
7932
206
214
7011
1527
7812
5233
8420
7639
2283
688
6602
1324
3412
2229
5523
2771
489
4234
9266
1767
9462
4001
7752
9551
2649
4737
2428
9453
8197
806
5077
5352
8096
3758
1162
6198
9809
9112
7348
1562
7387
5763
6805
5999
1469
5016
1603
669
8564
3002
9120
9720
1675
9940
9626
139
5399
888
3161
9100
4851
9430
3610
422
468
573
2095
8369
611
279
2827
2642
5934
2167
6508
3642
8512
4356
2657
4595
4885
7372
9125
1280
5716
2189
9774
3355
5761
4487
3204
9719
9905
4840
7093
5678
1419
1353
8871
9349
2743
3606
8393
5397
8907
4709
9336
6377
924
6941
2295
9099
3928
5326
720
9902
1625
5746
8065
1534
2757
4212
3274
5496
2110
1599
9347
947
6338
9281
8498
4093
5621
4438
6497
9304
4362
4125
7987
7316
5281
712
3788
7035
3973
5288
7881
368
2623
7890
5564
99
436
8961
3564
6975
9760
1712
6267
8024
6255
4513
9877
4080
6309
8988
7114
5904
694
9363
6208
8754
6863
6712
7579
7280
7602
7593
1126
9986
1795
9723
8463
5842
6711
6757
1719
3454
1819
7933
6947
2449
5819
7605
5591
8910
9568
6865
682
5422
5799
4416
3653
7363
8857
2219
2222
1100
4503
7449
7033
7530
7868
253
2809
3000
2269
390
2553
6979
5846
9432
9532
7070
7523
8919
5425
9983
9886
4584
3912
6218
2965
272
3911
8222
3683
2997
9953
5520
9139
324
3035
1420
1509
2712
9834
8489
1132
4619
2617
3285
3297
5462
3799
4939
5853
5980
6448
5582
538
7423
3544
1137
4576
6978
4549
7476
2033
1550
5294
8824
807
8586
2313
8324
9969
3019
352
4507
6751
7243
5711
1310
6597
2325
3271
8677
1867
2926
6490
3436
1017
5047
4225
5030
2700
306
1113
7302
9288
6780
3870
6042
5173
4236
503
6552
6174
6410
6382
1114
3991
9079
9554
1944
1790
9317
6074
1531
695
1430
4850
7786
5831
3268
6055
1893
1062
8681
3773
8093
5762
3340
3185
3734
4142
10
6690
1720
5923
3088
6969
577
7841
8402
1328
8098
7275
9538
7961
2616
1602
4048
60
9830
2223
8285
841
4492
6885
1115
4
7305
9208
4298
6091
6998
9368
9784
5480
8792
4837
7920
2754
193
4757
6820
402
9578
3014
4026
2206
3746
9359
9526
4132
7469
5302
7712
5133
7156
1611
3435
4421
3378
3750
2359
7962
8560
7220
5325
9555
1355
3847
7063
1362
4958
8646
1547
4390
802
5388
4046
6470
3118
199
9429
6707
4791
9947
6772
6209
4723
9957
1390
9589
6789
6474
333
4414
934
5416
6039
5905
3561
9089
1221
597
9404
1993
254
133
4634
8581
4169
4714
8823
2049
5400
7274
9711
8306
9088
9919
39
6724
4977
8752
7388
4945
2898
6008
3196
6323
4889
2360
3227
8849
8406
1004
3486
7938
3066
8003
9728
7012
7977
6660
6451
5089
7942
5680
7873
2072
7768
6328
1368
9248
7734
4405
7346
543
8315
7876
6798
2159
22
7265
3065
1446
5726
2079
8108
5961
1283
5136
8688
973
3462
6710
9246
373
6234
4318
8742
5844
1314
454
9769
1119
4776
857
6467
7985
9419
731
8776
1204
9269
7289
1447
9381
2130
4720
7775
2134
7174
1760
1591
4409
2289
732
4276
4645
38
9966
2953
5544
2486
5415
9487
5286
9660
2248
1121
3890
2847
210
6130
1594
7181
5709
5751
135
3487
9351
8624
4465
3153
5407
8447
9523
8137
8095
8244
1342
8168
1685
8307
104
6888
8442
1906
2155
1184
724
1440
4726
3217
6907
8937
929
8575
3627
2914
1095
2764
7740
8934
7231
4736
8392
3173
367
4987
3141
1161
4227
8722
7561
8255
9795
2084
9315
5215
2600
3018
7789
6993
9068
1127
1598
7465
5858
8980
8388
8357
2340
985
7879
9605
2025
4312
9465
3694
218
2514
2656
7445
9607
7104
1022
2073
8991
5725
2870
6852
9869
9756
5429
319
413
6237
4692
6229
4994
1364
6727
7484
4857
9264
7413
6717
9134
9766
5082
9612
6458
6053
3203
7005
6689
8900
1208
3386
6921
6126
3011
3450
796
948
8070
9537
5563
1958
4091
863
9610
1677
6901
3458
5971
1247
5627
8002
2231
9014
268
1335
2522
765
4756
3846
7059
7823
5301
42
1537
2983
166
9174
2947
890
7638
8676
5508
6736
6386
5606
4014
5592
5750
8239
2280
5094
7038
8547
9161
3775
2545
3617
6312
4785
3494
4231
9183
7525
9603
8347
6527
92
4031
3668
4500
8856
1129
9697
4269
67
9327
5014
5840
2535
2841
5673
605
1131
3495
5423
7097
7750
1862
414
7464
1275
2911
7110
9338
458
231
439
849
4092
4050
4750
8841
8878
942
5660
6726
8701
9996
4618
783
5255
8848
8998
6125
7777
6640
89
1643
7825
5213
5879
2272
1435
4469
1346
1427
5848
4476
4116
2158
2784
5210
3681
8049
2083
981
150
5150
5758
2399
7623
8441
9087
6148
1546
6171
6777
7248
2152
9414
194
5820
3503
4459
5597
4919
1943
7911
96
4684
4787
3134
4607
5754
8169
4264
9892
2943
1930
1467
9374
1214
6974
2966
1470
3882
5501
6698
8094
1762
9630
383
3260
5134
4172
6909
17
3453
9542
4226
3016
88
5230
2511
1825
2057
5322
7376
6100
6501
8276
4810
4604
1288
2395
5955
5475
1219
3391
5000
1396
3265
6799
409
9814
7416
9954
4731
5464
1842
9276
9650
4098
6005
4370
2292
8265
6335
7415
3864
9103
5682
7770
4935
5118
9390
1868
403
2162
5756
5448
3067
2090
2036
7782
8020
5309
4347
9741
5677
5059
9998
1585
8332
5618
8052
6292
5571
3857
779
437
4868
3936
5731
2579
9614
8974
8875
7512
3988
7958
1468
1165
2688
7443
4007
4972
8478
5370
8355
921
3645
5852
7456
7539
7014
7921
4934
2188
4424
41
9457
6081
5847
2014
9888
739
9297
1166
2509
2956
3192
6000
848
3163
1418
6641
8270
4121
4167
3212
2907
186
7736
7531
3521
350
8645
5045
7414
961
8278
2009
4483
2732
1286
5707
6845
8778
6156
3807
2481
5775
4319
2193
6631
3823
3840
6651
2303
3639
9143
4884
6009
6729
6404
8557
2970
3595
8328
2650
8452
2529
8394
2950
9366
8539
9319
2398
7397
5175
6087
74
7748
6233
5387
2443
3419
8322
5969
2181
1912
1169
8217
9661
9114
9679
2843
5283
2004
4963
6108
9913
2275
8895
5180
8018
8796
2070
3821
8311
301
7784
5679
7691
3940
4848
7237
9049
9402
9874
3939
2719
2560
1425
8058
6360
177
4696
1752
3568
8542
5366
8457
9207
4788
6781
535
9712
8088
5033
4475
52
3982
3415
6653
55
6858
882
2046
7091
1020
4818
236
3579
9136
8827
1745
8726
9007
1817
3411
6222
8102
3209
4058
7811
3626
6815
7818
6934
5601
6337
6485
9956
5465
827
4520
6245
3664
1032
7527
8797
4922
159
3933
1378
8267
2930
5494
1237
8661
6166
9055
4060
1187
9931
742
2718
6911
5098
7358
670
5246
8375
878
217
7107
1490
8475
7917
7619
4522
3467
8432
8680
4230
9093
9900
6206
4425
1708
5684
8208
6961
6582
4849
7111
8384
3739
2192
798
8405
3609
5477
2241
5867
8080
5576
3441
2883
4337
8686
3039
3984
8015
4315
4499
3136
8143
2024
4629
7068
1451
8713
5890
9173
7924
5614
9027
8158
4653
6848
9849
4130
3993
6908
9501
8709
5276
1410
2251
6529
9938
1326
8403
966
4903
9422
3733
2922
1407
6673
4407
3507
5668
7717
9282
2499
8250
5066
7396
8451
5703
9595
6837
4832
9452
4364
9819
317
4023
2074
2940
6336
2860
993
4555
6521
8744
170
5757
5207
6187
8555
3218
4039
8766
471
1756
3611
3215
7649
9999
8663
4415
6630
721
2756
6697
3648
7025
2684
6449
4157
261
3380
2584
8559
3463
4259
1066
5850
8552
4644
4900
8524
3225
1950
5561
9209
1910
342
1627
9126
9608
3780
4929
4361
9039
338
6400
5617
1575
7607
753
1645
7731
5261
6686
5735
7950
8212
5093
6461
1780
7041
582
7517
3076
8224
6920
6771
1188
3373
1806
4672
9591
7163
5978
8418
9965
3107
6570
8562
893
2362
8401
4102
6476
8558
6101
1333
1770
4159
5859
2990
9724
9916
8658
7550
855
7300
2356
6358
5209
1291
8607
7648
8044
7704
1290
6051
9611
2312
6770
1905
8940
7347
3809
4110
9909
5581
3866
9562
5225
2542
847
7781
4068
1899
4094
5020
1901
1988
9353
1633
978
3350
4038
4420
5275
1422
292
1564
5271
2515
8902
132
8112
9963
7572
8263
3337
595
5
8458
8784
5873
2925
3853
464
7571
4462
4902
6786
7860
7134
3092
780
7141
2665
6997
5616
4201
9409
1495
3058
1040
864
5645
190
6792
5551
2653
5404
8207
2568
1392
9564
354
7660
7431
9486
6579
2270
6642
1669
6002
8590
5069
3245
6778
4489
6503
8979
674
9459
3437
5092
1363
9932
1194
6701
2929
3388
6388
7996
7746
8439
5975
8892
4565
4733
6012
2464
1791
9205
7733
838
3524
2710
5574
9866
4741
5362
4830
8821
7473
8327
69
5338
1549
421
746
3090
3769
43
2766
1046
4812
7026
2467
7646
5131
9291
7264
2903
4666
3930
6808
3753
269
9497
6246
6636
114
8056
6859
6919
497
2304
1255
6557
5228
3501
9305
1454
1393
1729
2371
6205
4888
7889
5834
777
766
1027
6514
1332
808
7366
2755
8656
5315
5408
3427
5607
3359
4307
5239
9933
9882
8779
922
3751
6121
2547
3908
9786
5566
4658
3883
6834
4381
4147
4904
6656
9510
6325
4251
8537
526
919
9566
3253
3097
3301
9693
9570
9314
2891
6532
8649
3477
2912
667
5110
7898
5253
2831
903
7808
9479
1561
4780
7565
6955
7793
8063
3100
3249
1356
8826
6990
3050
9556
7500
5402
1933
8762
288
4742
483
8594
4090
6671
72
3395
5704
9447
4136
8870
5351
9806
9073
7948
5051
5265
2844
5202
2918
3950
1667
8242
4710
8667
683
5079
8073
459
7485
8529
4729
9553
8730
5223
6001
5106
6341
5401
4568
5467
5376
5982
5446
2720
2019
2644
246
5164
1764
5767
8440
1616
1774
1700
3199
4009
9448
9050
6068
4965
4654
8314
8310
2104
894
5644
8948
8927
9868
6925
3805
389
1865
6113
7665
6289
4883
2234
4872
4354
4164
2826
7076
9385
4365
1483
8396
6648
4771
8104
2973
1301
6106
8100
6181
8898
380
5737
1064
5058
9739
3383
9371
7375
4894
2224
3778
4457
5068
3947
3921
7072
2749
6441
1212
793
7850
9528
7817
5512
8503
6165
71
9444
8904
3674
6298
2679
4294
8718
745
6510
9388
8194
4669
3220
8692
3037
2297
2353
8180
3226
5919
5953
3392
2563
705
7032
196
4540
1256
1632
1124
6475
2594
1505
1122
7975
9231
3469
8952
4070
5662
9137
5216
6886
6353
5249
8122
1636
3671
4536
9201
6180
9935
5778
4079
8365
9709
2458
7513
4165
1983
909
1065
3333
7126
4085
5219
3884
6016
4547
2894
1593
3839
5438
2089
4573
5101
4223
9633
2504
2349
449
1896
1260
5883
184
2845
8293
1664
701
7392
6361
6759
2775
2141
2964
6270
8606
4342
8905
6846
9210
8192
584
743
2470
6647
122
9255
9294
2407
8637
1347
7343
5022
5959
1808
5584
6024
2146
639
589
6828
3790
3989
9311
2985
9042
4901
3744
1177
6749
8035
3994
9322
7022
7335
6151
3027
727
8198
3174
4368
204
7148
9772
6542
4272
9520
3932
9187
8231
1050
5710
7554
5217
3308
5874
6137
2615
1478
1375
4348
7268
4770
4543
4131
1857
7771
6481
6985
438
2354
2846
4296
7318
7444
5553
320
7510
3236
9782
6436
7563
7636
7543
4999
8132
1186
2683
2034
8248
2939
6442
9824
4982
5611
1486
7060
2537
356
8026
14
6926
9930
2071
9836
7599
4706
3941
6443
738
1769
212
290
3612
9396
7313
2596
5277
343
5871
2390
3433
2190
6966
6288
8889
4153
5535
7354
5974
751
5513
5805
757
9480
6918
2728
3502
7826
1651
1277
8881
2574
9489
7728
872
5631
387
4620
6433
8976
3128
9799
1971
8422
2866
2483
8764
5273
5502
8622
1192
2266
8090
1507
2808
1816
347
3590
1936
4077
7201
4511
9923
8939
8182
8868
5129
8969
4570
3479
7108
7709
6437
1232
6420
9048
4881
5655
9826
5367
1607
4012
4051
1458
7504
8178
8935
9733
178
7053
3820
3927
2543
8833
2383
2285
4122
5292
8213
6282
2320
835
4066
4019
141
532
8091
4441
8695
564
8196
8368
2344
3616
7223
6224
599
1354
2054
5185
5936
6411
1216
7952
7570
7337
5146
5456
7584
1820
618
1463
6857
6117
1822
9229
514
6164
7849
5418
6788
638
2852
8986
3557
4890
3974
8477
3980
2667
3365
8936
707
198
8601
8412
1661
6297
5567
9046
3080
480
9245
6823
1771
1626
7271
6383
6581
2474
1830
1848
1569
5345
4683
6240
6492
1168
5107
3404
5061
7635
8999
3091
11
7854
2060
120
1510
3040
2256
2758
7336
1884
2794
2447
2263
4467
6375
7258
7802
5784
1693
154
2482
9072
4248
886
7993
7009
4388
4273
3379
5811
396
4166
1787
1761
6254
8424
6347
8152
1123
2682
1737
4778
7534
4821
9332
675
8805
8719
7675
5474
3563
3697
3703
2221
3152
3322
1010
6406
763
5562
7895
730
7395
3195
4911
1955
6895
6872
3803
933
2790
2588
6719
2254
7596
5774
6566
4484
9203
2416
1731
7458
8428
8465
8863
6061
2488
2876
8366
4541
6283
4460
5556
5096
9069
63
8700
9721
6300
8160
1763
1572
5308
2837
3640
5166
6110
8175
8261
8835
4748
649
5717
7124
1969
9442
761
9471
3123
2456
3259
4184
3001
7418
7983
1949
6960
1357
1902
5729
5776
3663
6417
2434
9234
9793
8733
3685
4274
3801
5720
1984
4502
2681
3247
5722
2308
9599
7791
4456
2779
9376
4113
3497
1094
3834
7536
8525
3313
1573
9585
6519
64
644
7936
2602
9949
4624
8204
7254
8116
7463
7079
4290
6077
7330
8838
5881
936
4725
6491
8566
4114
8598
9041
9747
1295
4980
1432
3688
8370
8351
1666
49
2856
3819
6802
7004
8181
1465
7647
3193
6601
6369
5669
606
7379
7398
1045
8951
7556
2692
3738
4352
6982
8780
7178
9200
1856
2132
5968
2376
3522
6559
5190
1006
6628
8837
8844
1554
1783
9541
3791
6988
1660
8139
1327
6265
1225
7290
6302
4250
4835
9926
6019
7799
3451
4071
2032
8530
6425
8820
1649
2216
4433
9289
8931
7069
5816
6099
9310
2113
5122
8165
6216
1600
5671
4029
8790
8120
4213
6060
2567
9536
3985
4677
2880
6976
3299
8786
4789
621
4221
914
5870
713
6373
622
9212
7678
3877
8238
2739
7454
3656
8829
6537
9625
937
7263
1337
8943
9473
5516
9598
3155
9192
4418
4451
6972
5235
5121
5413
5460
3735
9810
3916
7121
859
1384
9860
567
3580
672
8254
4861
8121
3423
40
3632
6826
1459
2849
6136
309
3942
3375
2811
0
9190
5259
737
7624
6605
3810
3166
7325
6580
3311
3828
6827
3111
28
3556
1727
182
1376
3189
3429
7951
1397
8924
5794
8469
5793
9391
7690
165
4699
345
4897
5791
2200
3952
4621
7383
5886
4914
5007
4008
3248
6086
6132
9981
327
6753
9224
9005
4639
1900
7622
1070
7438
181
216
3964
2161
4188
6986
5813
685
2088
5740
8874
73
9362
5017
1634
4545
2865
2164
8487
6760
2884
7959
9659
7760
792
1924
5245
4108
3918
6913
5314
8059
115
9529
2979
8973
5985
4841
4245
6028
2619
6884
3910
7119
6103
2936
6869
5193
7373
7516
3139
1733
1416
6275
6493
6796
5254
137
4932
6013
3277
3901
1274
2500
6900
7656
2392
5396
7853
6201
8050
5803
8620
1414
5503
1189
1701
9915
1885
6691
7749
9844
728
395
515
3470
5760
3649
6243
7575
496
9587
7843
6962
8036
3946
8184
7301
5797
9116
3628
2923
4163
2878
5637
8354
5057
3377
126
1706
3959
9258
9461
4698
3914
8536
4557
4758
7501
9029
372
5823
9195
247
294
3806
6894
7411
9312
4150
4682
9070
3529
7773
3079
2927
729
8427
5426
2491
908
3444
9681
4262
420
5011
6766
7212
4156
4581
6259
1502
6489
1233
4943
910
1918
8435
4109
5021
2646
435
4516
2145
5158
2351
3728
2044
5639
3934
5070
1200
9287
6280
8259
31
334
6643
8390
3160
388
1246
2823
7129
3691
4556
1889
4063
952
6929
4898
5514
1479
7621
1995
5042
6163
8992
5218
4482
583
620
5708
2433
9271
6036
8391
2284
3028
5430
6692
455
492
7551
2604
7634
2302
8545
5534
904
2917
406
3096
1222
7683
2573
4678
5812
4539
3081
8588
2776
9738
7441
3403
5828
8223
7589
9509
647
4083
8083
3856
8126
9710
9145
7528
8128
5525
3368
4827
943
9024
187
7999
3343
8995
7725
2165
1053
999
6175
2618
8693
374
778
8945
6612
7586
9941
6578
61
7428
5443
4642
8574
3680
1014
1530
2247
6615
8967
3149
3586
3344
9135
2136
4828
1133
4486
3258
3214
8386
1178
1526
6657
2133
4168
1891
2696
6070
9121
5518
77
5497
1471
9773
9182
9348
4521
1736
6930
3909
6291
8005
1981
1946
6048
485
9244
2951
3913
4805
3762
4436
6313
3294
1068
4991
3712
1265
3405
3198
8144
9342
7399
394
1059
1919
3643
2510
4512
8431
9441
2638
6357
7193
3290
2886
2810
8869
6768
6413
8616
3533
9574
8876
1941
2723
5914
134
6958
7477
3363
7184
8289
8053
9171
5427
331
9670
2934
7611
5995
2103
1182
3132
9061
8989
7796
6376
4022
6236
1556
3045
6032
5560
3338
1028
3082
800
1012
634
5125
8953
3787
9854
5018
1003
5002
2705
3897
811
2555
4241
5398
5889
9979
9075
401
9629
6996
8698
9783
6708
3899
5580
562
9307
1776
4115
9511
6339
7603
224
2730
6917
6543
6186
7168
2676
8423
9108
2890
8662
6140
2540
5023
506
4308
1343
3975
4431
2469
4128
2112
912
2087
9077
3210
7547
2820
8417
4587
7840
9118
8029
5303
637
473
6226
9261
2022
9725
8922
6633
1824
4760
2722
4648
5768
8330
7591
95
8822
536
3115
1031
5493
1742
358
6549
9019
4072
8711
6874
3784
1457
3625
8794
4422
9762
2590
8173
4488
8803
992
4635
6936
5375
4426
2026
1234
6683
2569
8349
278
6231
5090
322
1257
7090
1532
3483
836
9736
375
6699
1382
5152
521
531
9557
3796
3779
1389
2411
5860
6812
2565
8007
6944
1262
2322
3923
588
8415
587
2121
1445
6281
4491
6779
3492
1861
6409
9700
3465
8957
7489
2366
6795
4921
1037
9646
1202
3211
5071
3303
7365
5479
2109
2347
4180
9817
7735
5116
1098
8479
7139
9749
3652
4913
8145
8125
1172
1586
5148
505
5692
9331
4892
5925
2394
9325
8041
5205
5323
5339
3202
5174
1875
1642
9036
7284
239
9193
9221
340
4176
9004
9241
1412
2651
2793
8206
3931
5636
9418
2946
6054
1405
5310
9991
5299
3068
3201
717
8595
1106
2566
6418
6511
3869
4718
3672
3727
7474
3772
3171
2802
5885
9688
5162
7816
2824
8587
5206
2305
3566
9912
1455
1996
8219
94
6530
5626
8042
9684
4662
4925
523
8899
5076
336
6416
6440
7833
8453
6295
4640
2972
2625
7807
7497
9757
527
209
1789
3399
6192
3010
1147
2035
6172
70
1962
8947
4580
6620
7419
1914
636
3317
2981
4670
548
7081
1009
5005
851
8501
3543
5353
1812
9150
2480
2781
4667
3860
1038
4862
4185
2327
7742
2585
9053
6228
5208
5109
4303
8318
3438
9204
2497
6256
781
9974
474
1653
5620
161
7896
5676
2828
1696
1524
3439
3629
8001
2195
9395
9743
1680
2932
6659
4663
249
8652
4119
3831
2612
9682
7189
8987
5832
699
3316
7732
3956
2536
4952
250
1940
8074
371
1555
3231
1060
2655
9328
1154
594
9732
6833
6652
9222
3608
2745
2561
7369
8887
8782
8638
2007
3903
1697
149
3633
5691
9031
652
2444
8635
3432
9636
9425
7364
3187
9066
6257
8571
3242
410
5355
23
1139
4186
5055
2527
9237
3361
8504
8252
6435
5442
82
3925
1691
2677
7903
4445
9306
9156
8186
2101
9034
5894
5313
8484
5419
767
3895
2814
4563
7299
6551
9821
6773
1654
3292
5696
9943
5486
9275
2733
7435
2050
2955
2450
66
302
2257
7453
2472
5484
180
8048
9649
355
185
5610
6733
6590
3261
3919
3473
3109
1163
9827
2277
6561
7132
6454
6694
3326
7019
1110
6462
9262
4896
432
244
1305
5140
8515
221
8614
8911
9842
4537
5086
920
2494
6342
7298
8699
6030
6095
865
1474
4824
5124
172
1909
5428
9579
7333
4784
1707
6486
7859
517
1758
1682
5685
899
1844
4182
364
5004
3906
6603
7409
734
4434
5944
8597
5056
8747
4700
9531
7493
6114
7590
4519
2093
5340
3963
6916
4235
7664
7930
2018
3802
4509
5675
8032
6513
6399
9035
4631
4548
5463
8556
9379
7912
1548
6251
8914
2068
1749
735
7715
8353
128
6592
9838
5992
547
8229
6211
2000
9669
8888
7283
1313
4141
3962
3074
6991
9863
3540
1215
1870
9427
4561
5532
9464
4158
3546
6026
2317
2629
8277
5264
1480
4803
3979
7491
4984
896
8793
8172
156
1644
2196
5412
3150
148
4032
2138
1892
3900
4120
5211
9704
3774
6105
9690
632
4992
7472
6639
9408
5028
4527
5406
8611
7988
7730
8804
2622
2519
2611
4151
9189
3636
3481
4745
6505
8471
4010
7627
7747
107
3057
9540
8179
1071
2290
1236
2453
5593
607
3051
8981
8769
5947
5546
404
8243
2836
7400
7099
949
4372
5459
7899
9
3104
8787
6263
7495
4481
4199
8956
6315
2785
3792
5972
4005
3490
4427
4873
4214
7037
7560
3748
7421
6870
341
7640
425
1513
8788
8308
3752
7815
1118
8819
9833
8283
5745
2954
5455
6044
452
5755
7956
9899
6098
2812
7688
240
4814
7604
8163
9420
6607
9303
5510
2427
8577
3296
4959
6744
2323
9559
1514
8721
1254
813
7585
1245
2094
7044
7739
6241
3413
4000
8337
130
9003
2821
7177
1999
5753
6983
6090
9753
7252
8304
2632
4599
6379
103
3049
8725
7311
6731
3069
7637
6146
4253
9199
4795
53
8256
7434
3569
5492
7674
9803
2770
5257
12
2479
4301
1835
2769
764
7758
7655
6877
2670
5537
4650
4865
9451
854
9921
3578
117
2342
7763
275
348
4490
6318
8268
9651
3424
6787
8543
9588
7322
4773
3032
1497
6250
916
2996
6362
5759
5521
640
4625
1519
5572
7425
5536
424
6538
9476
8579
9324
4281
3898
5701
9426
4686
9586
7015
8846
3147
1334
5279
7385
6129
3968
958
8047
6210
9301
6348
5377
1823
9632
2191
1372
6434
6611
7892
7929
4146
9493
5297
4928
4693
565
391
7721
1926
8859
1703
9417
5405
2099
1266
876
9436
140
9488
1846
3517
9623
2144
8514
4478
110
2512
655
9038
7128
8516
9815
5445
1721
2421
2053
2460
8920
289
5993
9424
305
3321
3283
9662
2554
6572
6728
7145
5197
46
9308
8481
6311
725
969
9225
3720
7402
1895
3434
7272
8891
1833
5409
4627
8918
5526
2012
1650
9777
6139
7939
9513
1472
3614
4183
6056
1072
1312
5570
3767
270
9148
7339
229
6119
191
5417
8033
2172
8573
8984
8596
7568
9016
9466
1473
8105
7073
1655
8387
2863
8400
9481
2226
5550
9590
2343
8395
5661
4781
2806
5741
1143
8046
1809
8666
2235
1847
6987
3704
7430
3816
8641
6591
9851
2006
1339
3243
7238
8325
8156
2614
2871
1797
393
4391
3323
3745
281
5411
47
3957
9285
8313
9492
5981
6305
2150
653
1751
6718
8707
1963
1692
5801
4671
4822
6072
9164
5880
8632
5454
5718
2803
2601
9272
7251
3714
2288
625
9752
7994
1879
7980
6419
3822
6278
3605
6022
775
4560
2759
829
274
2702
13
546
2419
6421
9012
1258
1606
7162
8034
5083
5524
8603
4875
5600
1380
832
1639
3943
2520
6428
9356
7553
7713
5579
6765
5739
9083
6743
7040
4846
4673
5856
3102
6223
4553
7065
6195
2634
4088
9008
3053
3143
3983
6120
8578
7972
1057
7609
87
9548
6003
3539
3145
7183
5065
1033
7711
5458
4613
3510
2698
2345
9138
5730
7205
8317
3446
1718
4127
9277
1608
2995
6330
3175
4983
1087
1331
6855
6553
6403
2139
3736
4594
8411
9178
3073
3135
788
220
2746
1529
7320
7969
2807
9065
4339
5657
9423
9771
226
8648
6067
951
6716
3266
702
9499
1951
8729
2446
9928
6750
8749
1704
3158
6319
6142
1852
2818
2773
9889
4746
7341
7677
5212
6644
4957
9406
6634
2386
1583
7780
1431
6752
427
9296
4960
6316
2800
8540
1226
8877
6614
8640
752
2154
4813
9214
3582
2003
3667
5394
6480
2041
1882
9857
8642
9469
9683
8101
7902
1175
8233
8608
3300
6168
4973
3574
8687
9955
205
4054
9247
4715
696
5420
116
3552
5120
2463
923
211
105
4834
8541
1213
3709
6933
9937
2021
747
1099
5186
9989
1185
2324
4538
3244
1296
4739
7390
242
2738
5818
1768
988
544
8305
643
7667
516
8339
5629
1153
5363
4691
4590
9412
3893
7191
9278
1302
7314
9341
2879
700
8272
8360
1484
360
5026
1805
2209
1702
3686
1039
8343
5111
1279
4761
654
6963
4428
9754
2736
7846
1628
1069
9653
3024
7692
2332
5221
2415
2571
5392
4107
6310
8946
2640
1398
3062
8852
4801
4065
163
3967
1341
5201
6460
5983
3448
7831
6814
3573
7526
7344
2731
1035
4313
4162
8533
5788
8815
1920
5439
4544
6675
7440
5743
8129
1516
9146
979
2853
7157
6473
3384
2365
2185
4192
7888
2582
8183
6076
5105
8689
20
8378
8800
3654
5670
8462
1428
7723
8639
8282
7644
7910
8230
8363
4552
4443
8955
6294
3177
2833
2716
6836
3651
9791
5895
6020
6914
1553
4979
2276
9169
6050
9515
6890
4605
1545
8502
1195
8554
927
9639
9392
6147
4712
1209
2816
650
726
6258
1619
6453
4844
4514
8600
8236
8019
4722
7652
25
6143
1584
756
957
1894
6995
4877
4261
6176
4027
9076
8809
9573
9147
7331
1566
2468
6951
4975
5962
4501
677
5654
8205
3221
3990
508
1877
3246
6555
6831
4551
6664
3763
6803
344
9855
2690
1959
3084
4382
3302
9333
1030
2659
7991
192
944
2767
3526
1934
4455
3945
8288
9435
19
2893
5857
5602
5658
4916
7757
3786
4728
359
2577
2268
5010
3740
3641
7670
2156
3336
7150
748
758
2273
6010
2636
3811
9951
8834
6954
5712
4588
2037
4402
6973
411
5884
9859
3125
5585
3154
4806
6587
5841
7874
9601
1450
6661
3167
4717
8397
5843
5149
5789
2238
6992
5359
1979
1743
5548
2186
945
5041
3216
1174
3530
5511
3535
8775
8078
7249
4011
6518
9413
5356
3867
4735
9875
3547
1799
6371
1648
2532
5517
2626
3372
5505
8925
1477
2414
245
2378
989
8364
3637
7487
3164
2762
5178
9811
9219
4449
6905
5533
8334
9078
1922
7478
4387
2092
1802
4233
8691
2549
9127
5705
2687
9790
9903
9871
146
954
1374
6762
9988
5393
887
7080
9202
818
9373
8789
9845
4463
4665
7378
6540
4918
5384
4081
5156
4950
4076
590
614
8017
7963
6670
4126
3393
698
6344
5665
3591
1577
9604
6387
3705
7901
8810
630
6948
5810
5128
1834
9867
9927
5378
5170
8348
9377
8928
326
7792
8958
963
9507
9656
5839
3455
4777
147
1144
4249
5159
5907
1991
5040
6940
7221
7805
7990
603
812
8567
9054
6162
7755
901
1916
4191
2957
5466
7541
8990
8553
86
911
5214
1340
3358
1007
8006
8704
233
566
9235
5557
8569
4860
1952
971
3554
511
6370
4880
5764
6207
9641
8643
6380
9503
2861
8682
1150
257
4135
2724
223
3452
5095
9181
2085
4866
5809
5795
4155
8151
5849
7535
8075
6355
8061
6062
2028
8232
323
8880
6516
5824
7779
3747
5714
5331
1179
9970
2408
2249
9672
5072
365
2204
4767
2489
1557
2232
8831
7743
8155
1197
376
2666
843
8520
3345
1193
3108
2020
842
1013
9794
7370
860
4057
680
6041
541
335
1724
5368
6523
4938
8816
2242
8679
9731
7304
1883
6079
1293
509
9463
4055
4680
2654
6301
7580
2637
524
9837
8124
750
5966
4360
3880
9918
7208
7386
8009
7051
3713
5994
7989
7439
7106
6548
9144
1228
7794
7213
974
5943
3095
2225
9846
4216
9350
7175
529
7377
4073
4152
3038
4260
4045
5473
1734
1043
2508
5374
2597
4893
6867
9546
1931
9545
8107
3275
4473
3513
9645
8377
5808
7718
4316
7031
8949
8851
9781
7651
4378
8130
1523
3288
1242
7494
4799
2825
7506
3662
3178
2744
8783
7269
9434
9802
2639
3319
2706
9582
4271
44
5078
7997
1485
5450
6560
7970
3754
6232
321
9026
5343
2228
2199
8344
1082
453
2477
8114
3460
8436
6776
662
539
8675
3007
769
5672
7327
5838
9097
2962
7329
8040
8109
6672
7357
9658
8274
7292
6150
790
6595
2316
5258
6500
671
9675
293
3795
9023
8150
4278
768
6747
898
4247
8275
5160
4946
9130
1406
869
822
1371
5695
972
215
3284
9952
7870
6432
9313
7720
7765
8507
7832
7158
4270
1000
431
3660
5605
8483
7257
5578
7360
4206
5906
9330
1443
9512
7858
4515
1617
4413
6696
7462
5821
6879
4583
7295
3661
7277
5135
1287
4334
4321
902
7137
8235
1001
8770
6745
8971
8335
8161
3280
9992
2218
2487
8962
5064
5814
153
9796
6018
3273
9768
5977
8346
722
7427
5800
8705
5307
6525
5666
3844
8434
9516
7115
6693
6220
5878
3698
262
9109
3872
6562
9405
2086
6953
3421
5888
932
479
8193
7582
8247
8043
4626
9592
8561
7498
6170
2959
370
4117
8664
3131
3695
3078
7559
8228
2960
7236
4311
1827
7417
7659
2291
5640
7278
9685
4087
1011
6123
7179
1831
9002
2819
3886
5227
5836
3144
7480
4498
3634
3862
7187
572
8103
6424
9175
5062
7658
604
528
174
4518
1821
9644
6185
1957
1385
6904
9714
8413
378
5963
4910
9997
976
5772
6407
617
5270
2937
5296
2750
5897
1792
197
2364
1229
6567
7790
2170
9780
7916
7657
2804
5491
3841
646
2530
7202
8062
4453
4961
3464
7548
4017
2974
5379
2151
1837
1042
7142
2168
4895
6279
48
8269
1492
8038
5386
4796
1498
4037
8636
8772
2166
2217
4899
4266
9835
1329
7306
9415
5285
9170
9680
7700
7706
9500
6576
1965
774
9045
1429
4280
4395
1740
9372
5747
4944
2143
8665
4738
5771
5027
9581
4219
8703
2589
2593
2425
2885
9300
8331
9676
7716
8329
6414
2017
4229
8694
4811
5461
9922
7759
2621
9400
3478
5651
964
1793
939
7016
111
4571
9149
9380
9850
8319
2753
4915
861
7319
1801
466
5577
6327
2610
6037
6665
8215
8466
9972
5723
4847
4112
5097
5003
1828
3237
8138
285
2869
5989
8350
574
5648
3172
6112
8257
4204
935
9403
9549
9637
1210
8356
1102
7267
2445
3618
5542
5153
2065
5371
4874
102
6910
4610
8352
7783
4657
8531
7083
7261
7086
3955
616
3431
6089
9622
6227
9751
3471
3953
4842
2669
1361
4222
6173
5410
6160
8115
8917
4530
6809
9808
5815
6793
6999
1605
4800
7907
4907
9251
4448
9906
8188
1998
7482
2100
1967
8071
9360
9206
6878
3814
7196
9238
938
1264
5102
3112
4955
9367
3783
222
940
5154
7052
926
3549
9180
2521
6304
6191
2147
1243
1853
668
6135
6959
8724
3021
7262
6308
8287
3287
7195
2066
6935
1695
9514
6860
5667
9770
5266
2330
106
6942
1482
6498
1315
4305
3026
418
2558
2967
2517
9958
6700
2448
8840
6466
2384
9397
3871
6469
8513
7442
1476
2969
6608
8414
4638
171
6621
2120
1673
5909
815
1241
9133
6506
5915
5555
7545
5179
858
8706
2282
8460
3737
6663
3647
9694
68
9260
3511
651
8087
1739
7574
3207
4782
7323
119
7992
1622
5373
9124
5108
5698
6769
1647
2127
9295
5087
2663
4161
9163
3562
7021
1019
2230
7581
5898
1637
4145
8534
1391
3523
4724
9726
716
1044
3426
7499
6321
5126
1074
3706
6350
559
7753
7356
6058
3759
3630
2633
7381
6902
183
9086
3124
612
4495
905
3025
6847
7227
9577
7185
6804
690
7598
2310
6069
2412
5220
9737
3341
3548
9250
2742
4343
3525
5001
7188
6825
1961
3852
4295
8493
8884
6188
4524
8154
8759
7043
9318
379
897
9960
2410
3117
6472
7810
9904
3466
9527
2580
8745
8901
4033
3996
1678
1788
225
3329
1753
1240
3598
2438
2475
462
7869
4508
6314
8241
9230
5549
3089
5074
4909
8079
7127
6588
510
7653
3240
3278
6284
7834
7583
5032
8380
6459
5262
2506
6286
6455
8225
5960
5350
784
5274
1211
3206
1297
3793
8909
5481
2671
5633
534
1714
6423
3761
3272
3205
3422
1052
8580
4137
5269
7616
6276
9309
3677
143
7003
8320
311
8409
744
7192
4442
5688
1338
9805
7024
488
8813
2505
8089
8668
1907
3282
692
3596
1499
1358
9021
7940
1683
8528
9716
349
3850
3924
9730
4995
3264
759
1086
8660
795
4869
4732
977
6439
2534
2564
4377
470
4289
3889
7161
142
8118
7429
463
9290
7029
5946
6329
8602
6496
8751
6563
1352
7310
8004
5976
9917
9082
7661
8629
5738
1915
6632
5506
5320
8812
3813
1518
4458
2404
8309
4734
4953
6049
151
202
7856
7326
9387
2201
6468
2102
7532
7222
6539
6989
4704
9184
7882
2208
3342
2015
7102
3129
3929
494
397
3665
9375
4175
2413
4747
5656
3570
8865
6096
2149
4111
5652
3484
6748
4300
7159
5683
5358
3406
5957
7573
4474
6609
3402
8226
7877
6277
4228
6887
2645
4598
3538
2961
645
2097
9901
6261
2008
8913
7171
7617
3349
3873
3541
6638
8795
1800
1141
6303
5804
9090
7018
9668
867
4951
9977
3371
3491
3120
3504
7282
5469
1426
2729
5876
112
8085
7273
3777
5687
551
7955
2278
8921
1921
8373
8623
4611
1360
4369
399
7842
850
6739
3851
4310
2768
9335
9223
9047
2518
8372
1408
4940
5263
1581
6528
2245
3875
2609
8299
3354
3607
7246
5482
2299
2895
1041
2801
4579
6714
2881
2992
3589
2331
1960
5638
6066
9416
33
3159
1662
2142
3133
7170
62
3348
5328
3071
5830
2370
895
7042
4630
8592
2528
661
5318
1945
1402
2048
3315
3545
7240
8912
8678
2941
4526
5088
5449
7696
8798
7394
837
5103
4970
8135
3687
6356
3673
460
3519
2311
7953
5365
3312
4792
1886
6217
877
8488
4040
4988
6017
7875
3970
8774
9807
8801
6849
4974
7804
1897
8262
8818
1125
4355
7703
124
3770
3279
4596
6737
2668
3615
659
6568
4075
1151
4139
4208
6392
8806
1860
2695
7981
1843
7410
1111
8012
3800
3992
7307
7206
6850
4529
4616
7767
7905
9186
7503
7915
3508
2385
1439
9355
1511
3741
1081
9142
7542
5414
6939
5091
8136
8954
9812
9491
7654
3749
9185
1859
3254
678
9813
917
7944
5009
9525
1388
2400
4435
8000
3765
8712
3716
6720
1621
9505
6502
598
507
3013
4947
2129
6784
7806
1956
2877
5780
6616
6598
3055
9267
9254
7492
9787
9861
9256
7000
5306
9558
9293
5547
9141
9985
2635
8491
1466
3048
1688
2976
2910
3707
4330
3571
1543
8538
1592
2119
8628
8389
8425
6899
3138
5361
3638
7077
1568
7685
9778
5825
1508
3219
2498
8720
5130
495
5624
555
461
8300
1456
8245
9467
2429
7937
8470
2717
4237
2178
4575
6034
5346
1267
3854
7680
3657
5390
5485
318
7173
2490
592
956
1689
8746
1587
363
2318
8359
2454
2339
9617
6023
5084
5964
6604
1629
7610
9329
5826
5699
3356
9729
4002
1366
9064
6138
6841
693
2533
7641
2999
144
8266
4998
4523
2613
9354
3110
91
369
7673
493
3631
2064
3318
7707
9518
9785
5035
4375
1096
7852
5845
7967
7117
8808
1460
9384
624
4103
3833
8443
561
8133
3330
5742
1026
9533
9764
108
8177
6405
3394
346
6977
7694
2603
6252
501
5231
9286
1002
6645
6830
8210
1158
3099
7754
260
7309
5317
602
1658
9550
3696
3116
8468
4404
5441
444
7481
8445
6306
5837
6688
782
891
4160
5650
6903
7393
385
6333
3766
308
4917
3029
3086
2031
9880
5634
1887
1250
8757
3829
1723
5327
8295
5918
9345
7663
1582
8690
3835
81
8684
434
5630
1903
1487
5817
2751
5910
310
6680
4766
3690
7338
2906
4379
2660
2704
4383
5024
4941
1016
7270
1135
412
9252
5495
4942
9832
5694
6882
1690
2982
5608
9961
7146
1089
4417
2337
7098
9634
7203
5247
9274
296
1134
2628
7308
2341
5319
2220
9456
8191
8861
361
1160
5137
9971
1775
6897
5543
7855
9010
3593
4926
5863
5538
1755
6351
5641
129
3130
7197
6625
5483
9215
4306
955
5952
5869
6758
4762
5893
9583
2038
4411
4798
5114
6127
8260
7215
2689
5706
1813
4908
1244
983
8549
3601
4154
6290
4069
686
4783
8685
7062
7008
967
6695
7774
4879
1880
9843
3059
8702
2319
3420
2868
6487
4464
353
9878
5916
9074
5596
6059
3997
4392
8657
5744
6746
6873
2760
339
2118
1980
30
1205
1766
3808
9361
2787
2108
329
7785
8298
4345
986
6052
9667
1395
1036
6574
5053
1851
8464
760
6064
1863
9934
549
5868
2817
3499
5635
8162
7028
5389
8218
3213
9883
1709
8358
6674
4863
3017
175
1932
8341
4989
7218
9584
6932
189
6843
5113
953
2624
5777
5690
8084
7626
9265
6007
9344
6340
2572
8736
2859
8671
629
9084
6249
6613
3587
1269
2198
4400
5719
4035
4689
6365
6619
6558
1618
9040
1935
7088
4790
609
3331
7371
6155
9421
2473
1112
3168
2586
3250
7389
7050
6189
9691
5321
8081
9742
5646
4358
1782
3509
6219
3208
2441
7524
3044
8672
9964
2211
6085
6915
6811
8066
5623
5590
3148
5931
7564
4727
8654
5289
2369
2137
6035
3156
965
866
1452
7576
4753
3622
1750
8385
3114
7054
2524
1754
84
5236
9177
8599
4793
8750
1798
6396
9962
5653
3180
1536
2321
4612
2239
525
8968
6065
7317
2948
3824
2708
1076
6949
6244
4447
7045
7475
9722
6618
5424
642
755
6398
3868
5073
37
4703
9841
8926
5728
9950
9218
5539
9022
78
6713
5232
58
4606
591
4286
7450
8284
3827
2214
1047
1735
8839
127
2122
1620
5248
6230
7471
5986
9158
6157
3905
9168
201
2899
1779
1778
1415
4353
486
4043
4020
7998
2471
5052
2125
871
9352
4217
9825
8303
8811
8174
167
7245
7116
2707
805
4240
4622
4174
2215
4687
1985
2286
7281
2735
8147
3585
1869
2748
9280
2630
2027
9197
8187
6372
9057
9094
3186
484
4572
1722
7256
5530
6045
575
2711
7776
8291
6499
2431
8117
8190
5080
8016
1180
6738
5891
7235
1018
1434
8975
3364
5119
1282
9879
2678
8583
4978
7701
5507
2587
7209
6430
83
8966
7883
1580
8996
3588
8593
8010
3583
2485
7426
9829
5998
5913
8634
4615
1084
1612
9881
9763
2575
4144
1814
5802
9818
8923
7927
100
8480
7460
9020
5887
1024
7521
5433
4006
7194
1373
4257
7505
8474
7884
4559
7165
5127
4711
2436
6732
5625
3722
3293
1303
7234
3724
3298
9748
9302
1235
1716
57
164
8932
4232
3269
6547
5335
4053
4794
6669
7695
3838
3958
4284
8097
6253
362
8398
9734
3768
3907
6924
3559
7055
7727
9153
5278
8092
1285
4450
3878
8773
6684
8866
581
828
710
8717
9936
2693
6225
9727
8893
706
9438
6889
2578
2778
6875
7352
5583
3087
8323
2583
6531
2882
6629
3289
4412
2576
9519
6426
1025
9576
3843
8486
6931
5470
6006
1574
5161
3699
7631
1142
9383
5979
5177
1681
1051
4510
8404
5222
1379
118
6262
3887
3255
3083
9364
5169
4546
5192
4477
9009
7380
9399
1449
7367
5304
8850
3396
660
6702
4193
8625
5693
1671
5700
2694
3401
1540
7082
6678
1015
7224
7537
3223
8728
9494
6637
8548
8336
8296
7468
35
3449
9560
8546
4371
4067
286
6957
8825
2680
1872
8983
3825
4602
4550
8828
7424
9759
681
3165
6512
6368
5733
4291
8426
4652
3826
5681
8273
7250
1908
2298
6221
6534
8170
3961
8383
2363
1841
4322
7259
9686
9942
4779
9914
3721
3995
9358
984
7210
5866
740
8461
3443
5920
21
6075
2674
7112
1140
6956
7729
8446
4350
4170
7
3726
6083
5181
3756
428
733
7943
8755
259
6541
2233
1652
5434
5595
545
9978
9131
6394
2652
248
7140
9113
5300
9767
8867
2306
6721
2246
4398
6167
7180
5272
4331
2850
9718
9524
6483
9539
3512
9227
1552
1145
4336
7533
1401
2855
5984
5942
3366
5779
4816
4969
7710
4314
6545
3137
1191
1399
2892
65
845
8761
8069
1777
4600
9975
608
9095
6756
5663
5191
2496
6438
1281
6427
6864
6928
8653
9987
1090
3576
1461
7066
9085
2984
3241
834
304
6015
4817
8860
6584
7862
3060
708
4479
8011
5369
8023
6801
7764
8013
6412
8716
2484
7615
846
4754
1977
8482
3682
7954
8227
6658
6577
9191
2476
6179
9517
1190
5295
7255
1937
4582
6822
7872
1773
3352
4809
1156
3353
2058
749
6183
1261
1506
3732
1404
9058
3310
5112
7459
5715
7324
8619
1836
4349
2252
5436
9615
27
9410
1345
5431
76
2904
2255
4708
8449
7216
2662
203
1146
4968
263
5861
7253
7618
2805
5347
3447
332
3367
4025
7204
9115
1878
6517
8301
5573
1596
6080
7447
1176
1601
1171
7628
3920
558
3119
8060
4367
6818
407
24
1840
2980
8563
7067
4389
4279
1400
9044
8410
4013
2117
6742
8544
615
8618
5643
2502
9159
6235
8433
2329
2541
8444
1784
6679
2822
9211
2963
7143
2993
2244
5674
1521
7762
2797
8134
3954
9433
4603
1496
8799
7772
6161
450
2373
2691
8057
7887
6452
8950
1078
1614
2896
6242
3410
5599
7824
4177
5659
6554
9565
8316
9703
5029
3971
3191
3599
2402
7520
6494
2548
3619
1170
4138
1157
5075
2592
4623
5342
6495
5123
8854
179
8367
8853
9692
8523
5773
7976
4268
4446
2726
5958
9797
1994
3771
9394
2184
445
3764
663
3531
1635
4224
3776
6071
258
1810
3030
5200
7587
9689
7698
5432
6214
8521
970
1732
5354
4823
3262
3755
6031
9483
6159
6299
303
2055
4839
9104
8612
6682
446
7340
7291
2042
29
160
4716
3797
2507
1272
5877
4004
4406
3034
1263
703
3370
2457
9431
4554
3428
2703
6896
3381
4628
3183
4825
5498
3127
9885
5380
4059
2194
176
7437
4359
880
2920
2406
2105
7928
6014
3981
3238
3935
6073
7087
9673
8271
8613
7122
2379
4808
7822
4042
5628
1741
4705
1085
9908
7904
300
3239
9779
1624
85
4562
2409
9028
1942
1807
4533
3876
2913
4366
8159
7149
9232
1659
5333
2699
251
7886
5901
5290
5619
1966
1322
4205
8738
6415
2998
6393
9990
7244
2620
2949
4410
6213
4923
5031
1570
3320
6807
2798
975
2606
4601
3140
9597
6084
6204
8146
5727
8879
8140
1271
6971
9030
7546
3461
1759
1063
4585
235
1579
168
4819
736
9968
8376
9001
9745
1316
6158
9369
4649
1748
101
6725
3480
2741
4949
4385
9167
7893
2815
3376
1711
7964
7947
5043
5282
852
4531
8697
4399
1433
4444
7557
2076
4577
7455
4593
3700
7552
8791
3500
6169
3812
9840
9804
1917
5440
6599
658
5395
4930
3670
9853
3314
2559
6057
1726
5256
3400
3550
3922
941
7957
4252
7778
1500
6326
1717
7588
4283
1223
5132
4386
3385
6593
9552
7211
9292
824
9976
4106
2672
4981
6238
1855
9326
9025
6343
6571
3516
499
1615
6431
1623
3077
8496
2182
8473
684
7845
2043
2388
3969
6790
3151
1613
230
6269
277
8696
2213
2701
6810
9091
1563
5242
6923
6141
1319
5765
1710
6687
3604
3594
8421
8890
7247
4990
4255
8082
7919
9154
9092
7151
4636
7200
9006
9893
4320
3475
5967
2205
2465
4752
6880
9920
5724
3224
7820
1292
2173
6093
1048
925
1968
9569
477
8214
6317
5612
7013
7803
879
4807
3917
7131
6104
2921
5598
7164
3023
8302
5044
6445
5613
6829
2352
9600
9160
79
7814
1987
8993
2265
1367
4143
5251
9865
7608
5336
7567
3414
1911
1227
4679
2782
1923
7466
5752
7642
2523
3678
4049
9695
4275
9017
3859
5451
4329
1218
9478
3560
9887
2131
9000
6622
5664
9939
4171
5928
4317
579
1928
5996
3072
93
6876
4924
9800
6247
7169
4423
6866
5940
5734
2513
7795
2377
1576
7885
9910
6118
3230
3263
2374
1387
8345
208
5334
7225
3382
3369
313
6856
6391
4891
550
6273
6078
6363
451
2328
287
6212
3036
9895
2128
7312
4351
4327
6626
7835
7007
7328
2045
3894
7514
2197
6509
3892
1442
232
657
5713
4189
7838
715
8490
2958
3966
771
8615
1974
7446
7668
2570
6354
6968
7931
9242
9013
7391
3162
4497
7681
3506
4123
1725
4966
7239
4702
4774
8982
266
1772
1320
1206
3976
1873
5381
2783
1565
7620
5237
8111
2187
4134
9856
7906
2740
1080
4439
679
3689
3679
8148
26
7719
155
6115
7233
9616
884
7821
228
2258
6268
1970
1730
1558
6816
9284
6806
2335
4721
1092
5798
32
8055
6891
5721
5025
2375
960
9870
9122
5956
7353
9378
7136
3228
2887
7669
2872
5807
238
8157
1656
9458
1535
8113
4751
6952
1155
1989
762
4181
4299
1668
5689
1948
1641
9606
7452
1864
885
1304
5081
4831
4242
8499
2040
1103
2013
9674
2056
4452
8382
7172
3885
6893
1093
3998
8164
6854
9788
9382
5229
4357
1231
6271
9474
6709
610
8944
3960
2675
3949
476
7922
2062
8631
3184
9740
7949
2631
7046
4976
711
1997
3527
8734
6033
7123
9365
797
576
4993
241
9428
1491
2401
3830
6764
7549
2203
3848
9652
7152
6479
6444
7297
3094
8495
5702
7138
6116
3742
6635
560
3781
817
1344
7847
2832
3659
7682
109
3842
870
8847
7995
8456
9671
8532
8830
3267
3879
7229
4660
8203
5478
9059
7597
4855
7467
3374
1083
9213
3725
6359
9638
7321
2140
9063
1874
6021
7878
4408
6478
5908
5632
4173
819
2709
5948
3409
2236
9944
6649
5509
4656
7049
7167
1
7085
4786
2791
4282
6524
1073
1198
2153
7228
8321
295
423
2539
3881
7630
9440
5575
8437
5008
2124
2737
9839
1289
3309
5034
8673
1679
9226
7103
9239
7828
9543
3577
1079
8845
7113
3675
3999
2126
7507
8959
1336
6835
5935
3022
8141
2163
2075
3106
513
2752
4430
9789
542
613
2096
2279
3012
1676
8292
7965
2301
4036
5085
5204
188
8342
4871
5311
386
4333
2111
2358
6199
5435
6813
6239
3965
9823
918
809
512
8312
9393
5588
7508
283
2107
6676
1203
4105
8279
1975
1270
3304
881
1858
7120
6260
4393
7761
2761
9635
8216
4238
7558
2264
520
8627
3514
2432
2452
4030
626
3785
2697
2581
5198
5364
5260
8249
8908
2091
7798
4454
2873
6898
2061
5827
3730
4647
4609
1876
2350
4363
6457
4954
3534
8977
1437
2063
3489
5312
1091
8589
7342
2933
1220
1638
3286
8505
3782
3891
1670
1829
3743
2174
8994
5013
6109
1551
5489
8768
1249
552
5453
8570
8201
8807
2971
8123
4374
915
2848
3457
1386
7351
7155
1317
8897
45
1350
4277
2380
1130
1381
1781
2106
3723
7577
8294
2829
6703
8326
2786
9151
6565
325
1728
267
9705
1164
3565
8379
6043
1330
1610
8732
6586
3031
273
415
8740
4967
6819
9973
2039
297
7737
2417
839
7279
4578
9876
9776
3798
5965
9948
6763
7241
2
6274
1972
1224
9454
5187
6533
7230
7207
7509
7084
3
9828
5862
4003
4215
7412
3046
1747
7039
169
7934
1738
5141
3488
299
1453
1978
571
5540
1571
3222
810
2424
6450
7900
3181
9257
1097
7095
7705
5970
7074
6408
7837
7595
5855
9067
1803
3305
3015
2830
9018
5182
9172
2067
5305
8202
4016
487
1964
8127
2338
4097
4763
4493
5238
4525
9993
7368
9619
1149
9534
6967
4429
9495
3658
4933
1541
7923
9924
9482
195
8199
9098
8264
7285
7592
2888
7769
7650
5252
8737
2334
9273
7978
6384
8972
930
4765
3176
7600
8659
3009
7726
4287
4591
1248
7198
6861
6981
6871
3418
2080
3717
8651
3861
7034
1796
719
3789
6522
8760
3948
9848
3926
6184
8408
8167
4401
2169
5472
6152
5568
4566
5937
4985
5554
980
7266
6832
3729
1866
6544
5922
7540
6124
1539
6178
6980
5316
9060
8508
4614
3505
467
7511
9460
7519
5927
6722
6950
472
1794
1567
9707
6734
9102
6465
5172
7293
3572
2294
7470
3978
2991
2901
3456
219
5372
9071
990
530
9613
7544
9967
6906
8526
3987
5226
3757
4061
9698
6723
9401
3126
4468
5769
4056
3518
4517
6715
3229
3105
8633
7672
2237
873
3537
6266
8454
3324
8978
889
821
1464
1588
3849
3710
9475
840
7971
4564
7486
928
9106
9925
3190
4853
7133
7851
3635
7891
5332
4140
9522
9706
9096
3863
2952
3346
6627
443
2607
4532
5194
537
3858
9864
3581
853
7296
1299
5748
9701
5642
8068
8200
1746
9166
9343
6821
1251
5822
3613
2792
9080
3702
5329
7217
416
6366
2397
2372
5785
2835
3600
4878
8763
8374
4472
4293
5144
3468
2300
7057
9530
9911
4340
3061
6824
3520
9157
2420
3719
7946
8031
2864
7788
7125
5941
2287
7612
400
6868
6507
5872
7101
7436
298
8467
5949
7744
9884
9858
6774
6097
500
384
2381
5151
8
7006
16
2451
9655
773
3944
4297
5792
9155
4263
2915
498
3482
522
2462
3542
6782
2544
868
9654
9822
7176
4099
8739
9627
1323
8246
4256
2551
7708
2938
2492
7502
9563
7724
5515
5382
7374
291
3474
3888
9298
9831
600
8185
4775
830
7908
2333
6754
2435
5115
4643
8576
1939
3676
9980
2902
307
7766
3103
4815
2598
2552
15
8280
7925
2556
9665
5383
2367
5892
5896
8189
7027
3056
7002
1757
4931
9715
5117
6838
6589
8582
1590
9196
5973
3603
5196
2661
6190
1239
2591
131
8253
8054
5912
4202
6937
7214
5291
820
4178
9320
4804
1854
8025
8072
1871
557
1517
4867
1501
1252
2839
8476
2916
442
1005
5171
5647
3701
2016
5529
2098
8802
9162
315
7092
502
8885
97
9179
6677
3122
6349
8209
8842
5950
4586
7984
5490
2857
9407
54
8022
9446
8237
9744
4936
7684
3416
627
2562
803
1088
8735
7578
1300
664
7830
145
6111
754
6839
1785
3256
3142
6575
5203
2250
9357
8472
1559
4740
9547
3708
3536
5990
2796
7974
328
2253
1890
8670
8448
8371
2525
4309
1850
2466
9816
5930
4470
8758
8333
7562
554
3972
3113
2180
7420
8119
4384
8883
7100
1694
4694
1308
6600
2721
3692
3644
9820
5155
381
946
2069
4197
8258
8610
8710
456
1687
7061
9110
6655
6154
5991
398
5099
5168
6783
2905
7686
9370
2011
2391
7679
4095
2867
5924
816
4373
9119
5926
5284
2643
6128
2405
9575
586
4210
6177
6307
1309
6144
1238
2968
2595
9216
7401
9484
2834
4403
8240
8485
1992
4948
2840
5796
6456
4028
200
8591
4535
5421
823
9631
3485
6945
9107
1423
2368
9443
5587
673
429
6463
7918
578
6583
5527
8864
3655
7741
7496
2557
4194
1359
556
7935
5241
1520
8894
8171
9696
9283
3837
5188
2774
4743
741
5622
6666
676
3233
9594
9596
1595
7260
6946
7404
4084
8771
6573
9897
4471
7662
1698
8166
8195
8767
1839
3276
8251
6800
8674
8142
1278
4328
75
723
7433
4124
7105
5360
6596
2240
8604
3063
7094
2862
6681
2714
366
7613
8338
7001
7058
4015
3252
5138
6131
3270
3033
4820
2387
883
5012
6564
6364
648
8510
1128
9279
8873
4749
8727
8753
982
4024
9678
4148
8872
158
4324
4338
6182
6624
9411
8777
3121
4118
9233
6706
950
8511
6650
3347
4927
2357
3357
4597
8455
7242
7096
276
7880
3182
1462
9128
9995
3179
448
4086
6464
4843
7071
1815
4220
5015
1351
5519
7966
3620
2455
6741
6402
1199
2123
9243
9561
6617
227
7722
2271
1411
265
8915
3818
7594
4996
7359
7276
4292
8381
