0287923522187544450039808
0974513979792081102569472
0212988731404486375899136
0975472966469835988926464
0924602895706482716704768
0410847770091621430853632
0091405588547064479875072
0982710830930605249658880
0019066925272645528190976
0995402191068326436798464
0330709783064386033680384
0202326597423024842997760
0033325626505013806235648
0019876957992263742390272
0015110074314962805719040
0010474684472613127847936
0008380568315841552056320
0003454172629202334384128
0003223027683361356775424
0996891165072277127561216
0261117020796209470636032
0040958869026851086401536
0997089467339601235410944
0722122734753905574412288
0085936252892247928864768
0072763803951218173149184
0048210045297755630338048
0033141461282081285865472
0998007813303593355706368
0725782784416833177911296
0373395007742334767988736
0102082362707869071048704
0008479774045596188409856
0006144079768347965652992
0000450122742955083563008
0999401093181771570216960
0130132443610864066494464
0112527837905456954605568
0111990034250655340691456
0089810358098856513634304
0056754358808526190542848
0036929494848666697990144
0036757699792756335968256
0003233852930943581421568
0002234331729730976088064
0000404429750690438184960
0000012382499796292911104
0999676320387767925211136
0461669022699404092506112
0349163686514544988913664
0179519282341930596302848
0091731576506832396484608
0082701301966065174052864
0033668953785766841942016
0014221603649831716257792
0004737685847887140880384
0003519403722795799543808
0000415568902698004709376
0000163280782427110965248
0999700926482109712826368
0400118400769634915581952
0002302051551434924883968
0002132798414385739202560
0000970369977922547220480
0000724610266567449247744
0000351227965254330417152
0000342894947487293308928
0999889596905939955351552
0537343085016215875223552
0464565746052046008614912
0331618482072000059670528
0330596281756863147540480
0120938634828542610767872
0020090219091357553655808
0015841032025071698313216
0010013509303086421639168
0007757372098164516978688
0999947343584323468001280
0988772726794134386376704
0491824942536359321534464
0302985011898986969169920
0027542249799991422877696
0014884801745526754115584
0012589882015137331675136
0006389961610990479998976
0003846517433540030758912
0002386491149977909723136
0001804261281872720953344
0001609808476236818153472
0001597538198633063907328
0001039370255205174214656
0000112953288126771412992
0000012875790772137740288
0999984941027283102072832
0195987587844783097249792
0105841143048124420325376
0086978764297329526702080
0024834593333648459563008
0021566835089385392701440
0001819294581357877657600
0001043743615986358943744
0000075232635278865694720
0999998308882118485213184
0404633421936518538199040
0153001517996760878809088
0128301340207891747962880
0022648960242434235695104
0001614598469141914714112
0001428661363429006901248
0000519832368023442882560
0000107238933639508541440
0999999724817253977292800
0167445474380370612846592
0041242901904732230516736
0028301042829548037603328
0018778327106174442274816
0002888795443637182267392
0001961516474699331928064
0001936903821146640351232
0001777463177956461903872
0000734789646995026608128
0000612441017828313530368
0000515971272565529640960
0000243451254722359951360
0000095574498751305187328
0000067972230616719638528
0000025773667136408383488
0000008182340686335720448
0000006974914379509478400
0000001770002040601958912
