0386977006017054332944384
0904325189443584801112064
0926125527364954524483584
0926768859919338809851904
0172107489434472189788160
0037488761761497067028480
0958117386601537705345024
0495417704222180551688192
0169626232531446031974400
0964521983771058513117184
0958155885483175926824960
0222510463270486286532608
0105843044322804674592768
0027003822568690715459584
0004243047328428506218496
0971746666891470681669632
0248634824840412867330048
0054750069342199166795776
0018682844825238519152640
0991104639246045632528384
0823297421584488646836224
0423564142333402661519360
0064315483084177784438784
0053803627673020939632640
0019796810906193339875328
0005183337742762361487360
0995091229655888516087808
0251759774452970160128000
0013920199242581144502272
0999218147509339710029824
0886633749061556867432448
0521783673477241929465856
0212761577024090938540032
0077339394467964888547328
0068193883828709165629440
0059608197756868982996992
0999277373512115277529088
0884051281085523011043328
0205350889738313163341824
0021857961041291785535488
0020435477959487191515136
0009632108436951169761280
0008679455177097339731968
0004861104884788192346112
0004559190664889078644736
0003436415039874907242496
0002605469654056946368512
0000928849558118005604352
0000735330849208515297280
0000727338111827569016832
0999395218759260917727232
0371339757928510889394176
0341179360786516335919104
0243509372350441344466944
0236872610868187455553536
0086390306132151490314240
0058152348483220924268544
0023735599676671934857216
0008316753171620505321472
0001142406008834417885184
0999796150270220256149504
0954956026564434169167872
0313010340094128517283840
0172131659766345936928768
0000249820866552785666048
0000171000251267483533312
0999954549679156690419712
0893877116843922961727488
0805778755878481865736192
0255273883872922815168512
0197750544347568015409152
0195046928591749329715200
0144488132761794172157952
0086325342269182866096128
0011801617252158780997632
0004345571093417932357632
0002464690948487668826112
0000072496315497327935488
