0352621760288194337701888
0618740373035703248879616
0152207781696905613934592
0531625121632462340882432
0057783700358393197756416
0303788688975885479444480
0626923182697725659447296
0994555955282267942682624
0328393902842332124807168
0399253865616373106868224
0272777284463405987528704
0547323504299869216964608
0191929996103275885101056
0626399933525890969894912
0240872103029379682009088
0834612167483419141341184
0667901820189665593917440
0911206621113659407990784
0779976730410686313660416
0021688803926981138710528
0951160270843243206279168
0482402611986398864998400
0747997553435726745436160
0881383424077768637284352
0765979498448208665772032
0523566135540976285908992
0233114876434245094473728
0675246863840957228384256
0122572768539057298866176
0917793572939584034045952
0683786147147237721899008
0641797458126566712147968
0290431513175334651428864
0714056743779789090848768
0735728629800858300710912
0200910709330045952851968
0280336839328710443139072
0794866830039576913903616
0151068012863075033022464
0958327731333684627767296
0742376715644027040432128
0403258549338261115895808
0239056552511711744098304
0052563018612309607055360
0869336190526751235899392
0865759741052114081677312
0336347227830364506423296
0702292016153558951919616
0159560695675092438351872
0684839434459765297643520
0860253812991911742406656
0713277202301208078843904
0085664481364679625539584
0718964559850061961363456
0584693448767379825754112
0588557267230794780246016
0439353187755174398001152
0928120950798436509155328
0573676235880300684509184
0152180091045305934413824
0641811442454105698598912
0674845408278726286770176
0459023799431241721184256
0400767420823192956043264
0713289513403545240469504
0590267534053633737883648
0106454957097133811957760
0730177601305813912125440
0575306661524403772194816
0060843325472523245584384
0456489410240221733191680
0698429271624465814388736
0950940303324371769884672
0253753254642683601747968
0350938673881683083657216
0919367877339277640597504
0221936514385878915743744
0717487284725354585915392
0416746460010741007122432
0997053448040512007176192
0260052079892544400392192
0922844671720884117962752
0030859322769257625812992
0299579632150237182689280
0343859463812919400071168
0858653571723643519500288
0430141751755630488584192
0553058715881507028729856
0133901134780758818291712
0801964532672001795424256
0761336159981743957344256
0033750430127264641318912
0567607375245369984155648
0559395027362167486676992
0514758580811998110416896
0591197310399928636276736
0362063179445440207650816
0597790988478314472013824
0311180624032222681235456
0385993366574049469136896
