0413536418314823021887488
0635673989238414848819200
0627432103491308313640960
0343708930696249060884480
0093277470541425091280896
0888740236662836547289088
0567622352200031419760640
0354061474704510337155072
0217202119704209099063296
0074035727645972549861376
0953553041417935542812672
0358441329453068279873536
0985637312213084813656064
0046757438461496826789888
0013028182687197519937536
0996482032061246341120000
0845747173637337695387648
0794212448024985461587968
0746513839737901080903680
0639964533213798787448832
0597723275948138797465600
0386552770409796420501504
0163602253426677566668800
0106609248411027591135232
0012540228653223684079616
0002811770583597383680000
0001344181939890165645312
0000163980620639159189504
0999125928470945751629824
0819243920381068437356544
0030140434199241172189184
0011588264281974125887488
0999152591747426650423296
0757933000056577896480768
0742292892753358781153280
0639883650940566979477504
0261793288782720893190144
0150083127896435631063040
0104209044691768391499776
0043762606063337372385280
0024366281014068570488832
0022418852163535117484032
0016097085379839558418432
0005064177576729389301760
0004217301974615006380032
0999844831246414614888448
0542512094704443160788992
0355922375670846162206720
0076703892528176325197824
0049528405893336849711104
0031712444411002738442240
0003874995611335974191104
0002407331686471447871488
0001872641523191220797440
0001299195650228068810752
0000206627430158756741120
0000152259488430228635648
0999960853537267747127296
0879388060084925437575168
0474542632467992856756224
0399934061042782412210176
0127551525757659264319488
0113971129469238146760704
0101838644656367709716480
0077382604143206848266240
0020264038094413462765568
0004433896404031134760960
0000578879853077696151552
0000208963226135505666048
0000042764245362092441600
0000032026712882160525312
0000019541974325409939456
