100
5497 4304
6210 5576
863 144
561 422
5750 4927
279 379
5989 5235
1396 673
5203 5267
8091 9196
9347 9052
3613 3540
1685 724
2151 1635
1772 543
5596 5426
5061 4107
7055 6760
5771 6762
83 1236
7753 7703
1436 667
8208 8700
1709 2588
2847 1817
3777 4468
8270 7836
8766 9511
3790 3126
1608 1938
2372 2886
1502 2025
9400 8942
1559 1646
9797 9662
85 556
6057 7021
145 1302
4599 4167
8136 8875
5594 5193
1411 1529
5676 6314
3969 4888
6619 6276
6267 6468
5238 4818
3914 3684
7090 6695
4674 3864
2361 2725
3514 4207
9793 9480
775 4
8756 8685
2339 2144
3585 2867
3983 3365
1187 716
8322 9113
7624 7657
7580 7746
5239 5084
9631 8959
6827 7125
3030 4196
1832 1766
7800 6580
8387 7317
3609 3830
6123 5778
5006 5489
5411 6128
1988 895
733 1923
6979 6269
6366 7431
5418 5266
7429 8104
7936 8062
3718 2669
2324 1492
6657 7760
3515 3836
9738 8567
4836 4798
842 1181
3863 4331
953 489
9659 8883
5797 5461
447 414
9802 8827
3881 3776
1983 1896
3721 3033
9950 9046
2003 1857
6121 6795
8088 8831
2225 2058
5647 4433
4620 4852
6648 7017
6614 5393
5952 5656
3845 3518
1092 2000
8118 9139
3956 5025
3791 3642
2267 1479
6389 6240
6272 5911
7731 7077
3501 4531
3891 3054
8497 8806
7971 8937
580 1649
1252 1139
253 867
650 614
2882 1720
9507 9790
230 459
3710 4951
1343 913
4111 3549
4193 3809
9799 8583
5906 7041
6304 6449
3680 4550
2958 3717
5148 6104
6679 7318
3783 4459
6474 7070
4183 3058
1023 129
2761 3484
2871 2202
9045 8009
2008 880
5602 5104
3947 3850
8837 9968
9513 8289
2497 3003
8340 8307
4543 3527
7960 7491
4322 4289
7761 7028
2405 1967
2378 3560
662 879
3214 2738
8864 9559
5325 6279
6312 7540
6728 7538
1412 1229
1593 1779
8770 9711
5933 6081
6831 7363
1260 1579
7260 6099
2536 2841
9198 8974
5252 6172
5789 4562
2463 2496
8717 9078
2263 2387
3330 4364
1265 1408
2719 2189
367 921
9859 9270
3311 3988
8056 8151
1148 112
2621 1902
2861 2828
1550 464
5220 4154
9051 8834
3225 4383
8920 8614
8108 8788
4318 4896
9345 9951
8023 8319
3899 4466
1734 697
6106 6797
5144 5812
5865 6078
7887 7854
1433 1196
5466 5732
4733 4648
2903 3832
7175 7658
7492 6774
8976 9260
1125 1178
3740 4422
1048 1917
3442 4151
8119 7619
1981 1733
7259 6508
9787 8616
203 497
949 982
7602 8344
526 23
7932 9030
655 712
4886 6072
8231 7391
7816 8631
6517 6941
1781 1657
7835 6643
8305 7258
7378 8557
3108 2796
2768 2305
7043 6692
3389 4361
4791 4070
8381 7552
6401 5250
9068 9210
5977 5801
1088 229
9579 9180
2141 3310
4866 4662
6163 6785
2616 1901
4234 3847
6989 5999
7782 7277
3813 3202
1916 1653
8697 9896
1849 2862
9102 8892
8432 7724
6444 5859
3422 4332
9538 9321
2973 3816
2376 3173
8000 6861
5024 4991
7587 6498
5470 4974
6659 6733
4944 4504
5405 6572
1213 21
7591 8215
9674 8993
6485 6606
7290 8090
484 1718
5697 6752
2149 1650
1693 2798
363 396
7204 8385
4049 4711
7046 5949
2179 2802
7177 6691
6805 6511
5912 6820
9323 9982
6794 7615
2187 2628
3841 4922
6612 5869
1420 2248
5632 5665
7632 7759
3046 3369
155 316
8969 7841
3183 2742
1652 1381
6724 7328
7987 6840
9212 9614
2142 1475
7138 6518
263 856
8510 7897
6306 5223
7400 8283
2346 1562
8361 8611
266 1057
7784 6656
2344 1354
3687 3868
9654 8542
3458 4069
5811 5494
6950 7839
1268 1161
4427 4840
3149 3903
2924 2732
2983 3774
2838 3996
1571 2423
2020 2694
3811 2936
1589 2052
1953 1225
9328 9370
6469 7145
5830 5566
5840 5420
9764 9088
6374 6322
3388 4554
7568 6621
5170 4610
3511 3332
3940 4149
1249 1084
4132 4489
5592 4363
9708 9533
8370 9297
6814 7832
4145 3827
1303 400
679 305
657 1143
618 278
8237 7188
7427 7202
8072 7263
519 918
2667 1564
4789 4138
5298 6031
8956 8449
1824 2184
9200 7959
1630 1121
1859 2279
3479 3024
4642 5667
6951 6510
4189 3732
1423 452
6722 6390
7705 8064
6793 6110
4200 4774
1549 630
9530 9393
7768 7200
8448 9156
9308 9820
7857 6777
7874 9008
4687 4082
9007 8970
1522 1828
9235 9123
3625 4030
8782 7563
4541 3794
7659 7478
2124 2420
7064 6819
8276 7934
4746 3568
958 1610
9418 8878
4556 4997
2178 1273
3181 4301
854 1473
9013 8882
8646 9398
3357 4259
6020 6630
1138 1541
3857 3824
1483 2589
3735 2966
5958 6852
9666 9800
6499 5875
1716 2470
8681 7550
2137 3385
7079 6575
4043 2846
853 159
6987 6181
7637 7413
5617 5650
3533 3807
1825 2977
1238 1612
4066 2955
7545 6837
2302 2254
4264 4848
5272 4341
9384 8609
1708 962
304 337
315 808
2353 1586
5404 4498
3769 2879
3752 4700
1753 1886
3731 4548
3433 3701
376 1110
781 1103
2350 2147
8498 7969
3738 3476
5175 5943
2990 4000
1387 2390
6902 6331
922 1069
7618 8470
8078 7448
5648 4883
1713 766
5031 5475
6976 7382
3883 3321
6096 5358
2424 3195
2067 2851
1439 234
9689 9093
378 888
92 873
8872 8416
5344 5964
5880 5370
7907 7300
8419 7623
6788 6516
8926 8573
1083 1822
7855 8243
9305 8550
1338 1596
8859 8359
5532 5331
3132 3165
3784 4405
154 10
648 233
6741 7149
1407 2049
3985 2986
7393 7350
9643 9940
7574 7065
720 1016
1070 1972
3161 2035
4221 4566
8116 7377
7797 7389
5429 6196
4215 4563
9673 8503
7611 8226
3978 3945
9438 8663
1989 1956
8052 8106
7861 8417
3843 4859
5395 6059
5196 5307
286 586
1226 2221
1656 1289
5268 5121
4934 3808
4292 4078
4779 3768
7150 6807
3064 3386
4968 5512
7410 7495
4407 3743
2643 3695
9167 9929
402 869
6025 6954
4161 5260
5247 6427
3982 3949
5201 4171
715 174
8604 7978
3116 3424
323 637
3608 2546
6999 8200
6885 6133
9240 9499
289 903
6521 7307
1809 780
6466 7279
8066 9127
4759 4817
9678 8451
7846 8623
9450 8801
8168 8441
7479 7372
4608 5386
5798 4782
4647 4802
9564 8853
2692 2853
838 130
4986 5876
6639 7723
8433 9447
7093 6326
5502 5135
2654 3358
4282 5443
8482 9555
5974 5714
1950 2488
4579 5039
9192 8174
1574 1496
7620 8674
4450 5396
2272 1443
5585 5691
4005 4803
7651 8054
1876 1237
6229 6886
121 1208
2515 1765
8202 8746
8126 8787
5831 6325
4270 3716
7845 7171
3264 2657
4809 5575
5236 5868
5479 6617
5926 6323
3057 2960
5392 4510
1912 1957
2473 1409
4557 4670
181 656
6353 6299
1945 1742
1819 1406
7749 6566
8367 8938
1351 2158
6056 6015
2815 3916
2133 1376
5050 6296
4423 4390
5901 5163
9228 8675
7605 7757
871 1853
3124 3557
2932 4044
8973 9269
2437 2495
2193 2160
5807 6676
6602 5621
5987 6901
3537 3918
1205 415
1286 1518
2736 2553
4766 4855
4940 5421
8003 8571
2203 1521
1869 1695
1131 889
6459 6127
1014 1551
9804 9837
1904 2175
671 476
1454 2169
8791 9595
7738 7266
1476 1098
7463 7115
4133 3394
6415 6338
461 208
4042 4998
6496 6835
3818 2780
5078 4490
7158 6298
4535 3925
8928 8990
565 1155
5118 4600
6718 6259
4900 5283
5842 5368
3157 2877
7286 6845
6544 5309
5261 6337
2485 2278
228 50
7525 6542
4761 4135
2228 3474
5942 6958
3336 2334
7326 7942
8987 7739
1932 1168
4197 3844
2695 2927
7882 8478
5440 6577
5713 4865
4735 3867
2307 1102
4929 5341
1803 1198
160 1146
7383 7051
5976 5112
1394 429
3092 3907
7474 7823
942 2154
8930 9327
3118 4227
5012 6092
168 940
6743 7780
322 248
3286 4178
1796 2680
4186 3061
1498 2689
9016 8639
7113 7007
6436 7414
5687 4456
2226 2931
3182 3297
7087 6381
4038 3111
2870 3291
6942 6112
2166 1648
8040 7501
7533 8414
7542 6632
3469 2282
2219 3179
1707 1794
4373 3955
8680 9557
4172 3497
8861 8413
4660 5123
7909 8980
6275 5764
5754 5001
3042 3241
1887 2293
2276 2106
7156 7203
5243 4956
3421 4447
3713 4252
8161 8323
45 511
9910 9402
4753 3628
3453 3649
7459 7520
8999 9147
2527 1920
4354 4127
5102 4142
9584 8995
1836 1750
7641 8308
4232 3302
653 49
4417 5066
1120 2192
2632 1493
8471 7815
7889 8721
5053 3897
6205 5785
9574 9264
1607 725
9569 9042
6590 6071
2159 2612
8397 7275
7025 6784
8246 8391
6472 6416
6934 6554
7264 8297
3060 3409
8412 7529
8480 9301
3962 4689
9024 9753
1150 1450
8916 7864
5519 6764
8633 9580
6505 6198
4708 4435
5277 5995
6800 6527
6669 6636
987 1667
965 8
7875 8020
6194 7078
4581 4918
2807 3725
2883 2290
9786 9251
7109 7742
4201 4377
6218 7207
167 659
6144 5736
1948 2341
9407 8755
1557 2435
348 795
1194 2089
2045 1838
1961 2050
9718 8830
8439 8851
4120 4856
2978 3579
9771 8653
9906 9057
4098 3146
2130 1200
5305 4624
3226 3444
4378 3766
8530 7436
3367 2380
3235 2586
7058 6439
8718 7871
8902 9520
5442 4811
825 189
9204 8524
3274 2805
4320 3079
4241 4820
3021 2681
914 1453
4437 4765
2122 3265
8913 7735
5518 4411
4860 4238
5306 4309
1864 1425
9696 9336
5398 6310
6481 7626
3383 3908
5986 6765
9071 8789
9056 9261
1966 2552
7469 7502
2325 2651
1954 2455
6063 5248
3487 4621
7153 6467
8735 9522
3981 2797
1787 1672
9237 9826
8434 8467
7151 7661
8965 8506
708 1744
8039 7371
4451 3641
7332 7365
9185 9218
5850 5173
9108 8222
773 1322
6418 5818
2705 1677
1004 1365
5574 6776
7186 5988
2244 3263
3629 3045
3425 3747
8898 9991
2532 3539
731 1698
5320 5854
8665 9695
4738 5763
5554 5016
6370 6075
9397 9097
1584 2767
5534 5176
7881 7288
8047 7337
944 1397
6742 5913
6715 6448
4245 3532
686 549
8347 8477
9446 8281
7462 6582
6032 5919
6773 6286
9599 9040
1185 117
2943 1971
3630 4871
1847 3015
7720 7650
6818 6570
5935 4983
1036 1326
3258 2188
5221 6442
8165 7567
8683 7594
3675 3299
4488 4080
6799 6307
1390 2268
975 759
864 2104
1242 2162
4267 4122
3351 3049
8042 7717
6362 7024
3160 2979
9348 9048
3053 3597
1401 1671
5147 5809
6066 5905
2163 1089
3329 3572
428 209
7894 7029
5130 4298
9207 9022
885 1230
8457 8207
5725 6567
8109 7104
4442 3312
1506 2487
7364 7398
4312 5171
8858 9667
5660 5580
7646 7577
6253 5847
4812 5681
9116 9618
5820 5069
8972 8107
9122 9617
9727 9135
7271 6347
9568 8607
642 1554
4445 4947
8601 9129
7564 8726
1840 1788
3839 4327
5008 5640
283 1044
2940 2760
4742 4775
2066 3191
9315 8625
6283 7358
5806 5577
7255 8447
8495 8635
7667 8577
5872 6333
8180 8943
7063 7925
4745 3502
2425 2392
7298 7026
3715 3915
638 196
2220 2446
761 907
2482 2201
8051 8122
1478 1741
6350 6157
7117 8232
7297 8170
756 319
5636 6672
5893 6319
478 804
6644 7616
6895 6009
2981 1880
3901 4635
8318 8068
3402 2843
8360 9211
7935 8085
9044 8594
531 1182
3277 2214
1270 2028
7133 5985
5343 6384
2678 1499
5111 5517
387 935
5081 4629
4278 4205
2227 1778
6278 5484
3309 3820
6318 7033
1500 274
443 820
6018 4969
5589 5855
5434 5290
8764 7698
1566 1979
777 1782
3733 4515
7918 7804
2755 2550
2608 1591
8070 7504
7241 6507
3935 4958
9767 9433
4001 4394
5477 5510
8110 8077
3531 3470
7134 6126
8422 8617
1298 151
7756 7985
2907 2426
3992 4319
4971 5652
4050 3282
4739 4369
7000 6067
7709 8014
4568 3431
3853 4589
4615 4703
3819 2888
1861 1974
9349 9274
7706 8048
5758 5409
6974 7369
8989 8857
6662 6736
3744 4925
7225 7403
2577 2696
9920 8707
6863 5731
2941 2655
7755 8641
9392 8985
3323 2285
3027 2792
1288 1697
1900 1682
4585 4669
4847 3858
3352 3147
7239 6189
2093 2014
3556 4664
8656 8058
603 959
5545 4737
7791 8759
7390 7455
4697 5468
9072 8800
9685 9730
4897 5683
9169 8711
714 1113
2984 4181
1055 2054
9368 8992
4826 4211
1116 803
4719 3848
5819 6340
9420 8652
8752 8100
6983 6560
1532 1632
9648 8468
1908 2436
5129 4638
5190 5630
8025 9063
7586 8294
2027 1440
2471 2177
9638 9500
6810 6246
5020 6175
9808 8874
9784 9157
3873 3754
2274 1617
1757 2107
2611 1614
5560 5861
990 1047
8354 7885
6079 5735
4061 4912
2833 1933
1058 753
2722 3373
3674 3801
4106 4465
4513 4337
5009 5210
2899 2836
5229 4920
8521 7534
1866 3004
5957 5195
341 1568
8893 7685
5888 5921
3551 3106
3026 2540
8580 9709
7530 8096
605 150
8160 8649
7359 6655
8531 8719
9734 9701
4678 3472
6361 6998
6380 7321
9672 9705
6581 5378
6192 5337
9899 9495
617 353
9025 8628
1371 1459
7384 7351
2875 2018
1970 1528
5486 5202
6116 5506
4503 5675
2029 2641
4953 6103
122 812
6894 6159
120 386
6666 5903
726 219
6918 6455
8655 7519
2747 3876
9103 9373
5419 6216
8349 8899
4330 3760
9686 9650
1575 473
669 1144
713 806
6678 7644
2894 2389
2934 1690
6859 7896
3065 2116
6506 5530
2456 1339
1451 980
5451 6406
5908 5318
3555 4393
3355 4521
1115 2022
7181 7576
223 78
4229 3452
524 1369
4796 3689
5653 5620
5553 5328
7599 8374
293 728
2772 1561
7741 8099
8688 9880
4901 4018
5476 6294
8931 9244
6721 5991
5963 6222
6541 7336
4985 5365
1285 1046
5720 5043
9649 9839
4316 4160
5682 6519
1572 830
6548 7690
7575 6375
3025 4237
2218 1748
7008 6610
9967 9182
8748 9121
2053 1176
5182 5321
3022 2590
1508 1009
227 69
5858 6917
4942 5289
4675 4519
6761 6683
3177 4112
3341 2394
8209 8832
453 97
2511 2478
6252 5273
9778 9313
4980 5431
3700 3667
9154 9609
4481 5568
7353 8538
1525 2321
2800 3050
1556 2561
8645 9801
7432 6783
3464 4551
6412 5360
4762 5015
1166 2016
566 1300
5733 5878
9629 8525
1030 1510
6910 6640
8844 8593
6675 5782
1026 1745
9979 9092
729 240
4546 5065
2111 1361
6424 6457
2619 2776
6701 5569
5383 6317
1251 2118
8901 8061
7122 6927
5184 5844
8881 9483
9634 8763
8454 9625
7193 7105
8177 6994
2516 1345
8769 7674
1424 955
7392 6562
6080 5535
6087 6034
3377 3638
1922 1457
7931 7340
1015 576
4024 3096
3870 4930
9676 8829
2743 3672
2703 2626
1624 554
3640 2494
8854 8421
1052 2262
2637 2171
5075 5752
2583 2982
297 1308
523 413
8443 9529
8741 9632
231 694
2445 2890
2869 2922
1037 836
7487 6967
9857 9224
8050 8734
1090 848
5803 4982
5278 5390
8643 9304
2974 4088
4359 5200
5294 4065
8811 9598
7713 6661
7710 8805
666 1344
1107 1002
4334 3412
6199 5962
8004 9098
680 1379
6017 6395
7308 8324
3522 4085
8142 7445
5907 4815
7280 7488
8124 7675
8420 7786
709 153
2887 3308
9453 8386
8873 8255
3097 4148
2985 3993
4297 5106
8591 8939
9504 9326
6303 7060
1100 2194
2582 2065
7812 7869
7016 6083
7958 8325
1128 2368
6729 5925
7693 8029
6968 6274
4166 4059
8285 8252
3829 3924
3886 5119
7165 8356
2773 1964
67 238
4440 3789
225 627
2618 1621
4104 4492
632 1668
727 183
5567 5040
7343 7376
7570 8060
2601 2099
5067 5914
6923 5705
7042 7236
2384 3550
9719 9752
5877 6076
3194 3327
222 936
1328 528
4807 4351
7352 7892
8884 9355
4887 6134
3856 4402
110 634
4633 4987
1195 1307
1399 1692
7544 8101
8849 9286
5242 4027
9635 9973
5555 4591
983 568
9395 9428
8245 7344
8429 8823
4713 5823
6822 7037
4684 3500
3070 2592
7120 6187
5954 6955
3559 4353
4882 5626
4537 5738
7877 8961
1785 1123
3934 2691
2962 2359
8213 9303
5447 5658
3837 3120
3213 4269
5101 5263
1860 2480
8298 9481
4511 5099
3928 4448
9358 9252
7074 6872
5316 5349
485 20
7541 8464
9141 8352
3101 2716
701 1007
8186 8092
6781 5744
3094 3240
4524 4916
7758 6751
4512 3923
1382 993
1544 2199
1679 1133
1600 2088
4454 4130
8945 9403
546 513
2076 2799
7844 8362
9091 9419
6996 6716
5122 6356
2407 1767
3381 4164
1545 1512
2786 1763
6492 7645
7589 7707
6671 7514
5023 5783
215 249
3723 2499
9762 8546
4350 3207
5851 5662
3565 4717
7071 6576
509 670
7551 7518
1951 1515
2039 1041
5928 6044
2033 2331
9300 9242
243 964
3328 4549
7781 7422
5498 4583
3990 4939
2330 2034
5361 6549
5707 6830
9188 8026
640 490
547 47
8952 8505
9744 9290
6038 5521
3133 1994
7975 8008
2764 2969
8372 8130
920 762
7921 7974
3880 3932
2863 1797
4287 4418
6045 5727
2450 2253
3548 4303
8382 9565
9014 8669
5463 4758
2063 1174
604 737
7950 7549
77 475
4571 4147
7059 7415
8605 7648
8934 7712
5885 6382
1534 822
4715 4421
2775 2721
9132 9250
6589 6174
8549 8479
5397 4800
8097 8520
7582 7986
8219 7561
5162 5317
8856 8483
6251 6145
6897 7513
2880 2939
9957 9588
86 139
7630 8632
8528 8796
7366 8210
8785 9623
3119 3793
7886 7721
7673 8600
1277 663
5711 6438
9900 8661
479 1095
8781 8424
4062 4705
5143 6111
2507 2784
8768 9117
8333 7311
6004 6120
2077 2677
8292 7214
4801 3894
4834 4772
8153 8537
2145 2653
5323 5204
7052 6237
9003 9962
7367 7249
4845 3780
7668 6545
7945 7566
6649 6907
5439 4701
4520 3448
8326 7098
4895 4462
7486 8267
1884 1032
6478 5462
7802 6703
2944 2868
3632 3852
3973 3098
9062 9998
42 801
6088 5900
1066 571
6592 6699
7639 8404
8634 7953
5631 4606
3037 2443
4499 4878
4403 3871
939 137
1480 515
3275 2364
5692 4778
2464 1438
5729 5438
2074 1865
6156 6945
1863 1031
7246 7895
7102 7135
2823 3792
9111 8336
8516 9619
3461 2375
4323 3121
2417 1269
8022 7585
2112 1523
9086 9577
6842 6305
8353 8021
4619 4586
9275 8929
4645 5841
3059 2351
6891 6105
6241 5728
4293 5364
4153 2930
859 382
4626 4996
8016 6826
3127 2876
3979 4036
6601 7050
7213 6623
8224 8720
3180 3317
9177 8896
8032 6870
3943 4696
4829 4268
6132 5514
8184 7592
5590 6534
1274 1666
6504 7419
3622 3222
4567 5231
2892 3418
2873 3998
6905 7243
2491 2726
1654 1068
7490 8314
1284 1704
6851 7144
3489 3650
8212 9164
6477 6948
3192 2533
6158 6422
9692 8551
7433 6714
9294 9190
8357 9257
2277 1711
9134 9067
1906 2128
184 599
1362 2332
5703 4832
5423 5587
6864 7811
3602 3693
6404 5760
7635 7917
9299 9239
9367 8918
7548 7581
823 651
4892 4605
8500 7387
3188 3254
8263 9073
8910 8803
1105 282
6952 8181
1309 883
1546 2181
5128 5280
768 1353
6094 4949
1316 408
9412 9812
633 1267
2665 3378
739 1419
591 89
6206 5584
4646 4355
4569 5339
3244 3890
1582 2170
4216 3322
3399 4594
2114 3020
2572 1862
2633 2479
3062 3029
7553 7080
6410 5696
4257 3763
899 858
9241 9751
5897 5052