1000
1 39
1 37
1 23
1 24
1 25
1 43
2 31
2 26
3 39
3 30
3 33
3 36
3 31
3 29
3 23
3 45
4 40
5 23
5 29
5 34
5 33
5 30
5 31
5 45
6 43
7 28
7 34
7 37
8 32
8 45
8 35
8 31
8 42
8 43
8 39
9 23
9 38
9 29
9 25
9 43
9 30
9 26
9 40
10 39
10 24
10 37
10 25
11 34
11 30
11 44
11 43
11 23
11 38
11 26
11 28
12 33
13 40
14 26
14 27
14 28
15 24
15 31
16 39
16 42
16 32
16 29
16 24
16 44
16 36
16 26
16 33
17 37
17 39
17 24
18 36
18 44
19 34
19 39
19 27
19 25
19 44
20 31
20 23
20 35
20 41
20 34
20 27
20 44
20 26
21 25
21 44
21 41
22 39
22 44
22 33
22 25
22 41
22 42
22 26
46 72
47 78
47 74
47 89
47 87
47 68
48 70
48 84
48 85
48 86
48 90
48 89
48 73
48 69
49 70
49 71
49 75
49 69
49 77
50 73
50 88
50 72
50 69
50 71
50 79
50 85
50 90
50 68
50 77
51 89
51 86
51 80
51 76
51 71
52 76
52 83
52 70
52 90
52 73
52 74
52 72
52 88
52 71
53 82
53 79
53 90
53 83
53 76
53 88
54 76
54 71
54 69
54 77
54 79
54 81
54 75
54 78
54 90
54 89
55 71
55 75
55 90
55 80
55 86
55 72
55 74
55 81
55 77
56 81
56 77
57 78
57 90
57 76
57 88
57 86
57 75
57 72
57 84
57 82
57 69
58 87
59 78
59 89
59 72
59 79
59 70
59 71
60 73
60 82
60 78
60 77
60 79
60 83
60 81
60 69
60 70
60 68
61 81
61 82
61 68
61 84
61 87
61 72
61 77
61 88
62 75
63 73
63 76
63 71
63 79
64 89
64 90
64 72
64 69
64 81
64 70
64 76
65 78
65 85
65 74
65 82
66 74
66 89
66 87
66 82
66 75
66 85
66 72
66 84
66 77
66 68
67 70
67 80
67 73
67 74
67 85
67 71
67 88
91 121
91 133
91 123
91 120
91 128
91 131
92 127
92 122
92 114
92 118
92 128
93 124
93 122
93 126
93 129
94 124
94 113
94 114
94 129
94 120
94 133
95 127
95 135
95 129
95 133
96 128
96 131
96 113
96 127
97 125
97 124
97 115
97 132
97 121
97 118
98 117
98 124
98 126
98 135
98 125
98 115
98 118
98 116
99 127
99 116
99 132
99 124
100 134
100 115
101 134
101 121
101 122
101 119
101 128
101 125
101 129
101 113
101 131
101 114
102 116
102 119
102 133
102 126
102 134
102 113
102 118
102 114
102 128
102 130
103 119
103 128
103 132
103 114
104 127
104 129
104 135
104 130
104 125
104 113
104 116
105 115
106 113
106 121
106 115
106 116
106 133
106 118
106 124
106 129
107 124
107 116
107 128
107 134
108 113
109 123
109 127
109 132
109 116
109 124
109 120
109 115
110 124
110 128
110 126
110 122
110 113
110 121
110 118
110 115
111 119
111 127
111 132
111 125
111 120
111 135
111 116
111 129
111 121
112 131
112 134
112 113
136 164
136 175
136 166
136 160
137 164
137 173
138 177
138 159
138 176
139 161
139 169
139 177
139 170
139 166
140 174
140 160
140 163
140 170
140 167
140 166
141 160
141 176
141 162
141 158
142 175
142 180
142 165
142 164
142 169
142 167
142 166
143 162
143 179
143 164
143 174
143 178
144 177
144 170
144 173
144 158
145 170
146 171
146 170
146 176
146 167
146 161
146 162
146 178
147 162
147 179
147 168
147 161
148 162
148 170
148 175
149 167
149 171
149 168
149 179
150 173
150 160
150 167
150 175
150 174
150 159
150 172
150 180
151 176
151 179
151 171
152 168
152 161
152 162
152 169
152 174
152 158
152 165
152 167
153 168
153 162
153 180
154 172
154 166
154 175
154 158
154 169
154 180
154 160
155 177
156 173
156 176
156 163
156 164
156 160
157 178
157 161
157 173
157 165
181 217
181 212
181 216
181 220
182 210
182 222
182 212
182 223
182 206
182 220
183 206
183 218
183 211
183 216
183 214
184 209
184 214
184 208
184 213
184 210
184 224
185 213
185 220
185 210
185 221
185 225
185 208
185 211
185 223
186 219
186 205
186 217
187 203
187 215
187 220
187 211
187 214
187 218
187 213
187 219
187 209
188 209
188 225
188 212
189 203
189 216
189 212
189 211
189 213
189 224
189 225
189 210
189 217
190 204
190 213
190 218
191 218
191 211
191 217
191 205
191 216
192 225
192 215
192 211
192 208
192 222
193 219
193 212
193 213
193 218
193 215
194 219
194 210
194 208
194 225
195 208
195 219
195 213
195 212
195 207
195 225
196 206
196 221
196 216
196 210
196 209
196 225
196 214
197 207
197 219
197 222
198 207
198 218
199 222
199 209
199 207
199 220
199 214
199 221
199 216
199 206
200 212
200 217
200 222
200 223
200 207
201 215
201 211
201 206
201 221
201 220
201 213
201 219
201 209
201 205
201 217
202 220
202 224
202 211
226 252
226 268
226 257
226 265
226 266
226 261
226 251
226 262
226 270
226 264
227 257
227 270
227 254
227 260
227 263
227 259
227 265
227 266
227 261
228 270
228 262
228 251
229 250
229 260
229 262
229 248
229 269
229 259
230 248
230 257
230 260
230 269
230 256
230 266
230 254
230 262
230 264
231 248
231 264
231 270
231 266
231 256
232 257
232 263
233 248
233 251
233 257
233 259
233 253
233 252
233 255
233 267
233 250
233 260
234 253
234 260
234 266
235 266
235 251
235 269
235 250
235 268
235 270
235 248
235 258
235 253
235 252
236 259
236 257
237 248
237 263
237 254
237 268
237 252
237 262
237 269
237 258
237 265
238 266
238 248
239 251
239 266
239 269
239 255
239 265
239 250
239 260
239 258
239 259
239 270
240 253
240 258
240 256
240 254
240 267
240 255
240 250
241 268
241 266
241 270
241 259
241 249
241 256
241 265
241 250
242 258
242 257
243 267
243 270
243 254
243 263
243 249
243 260
243 252
243 253
244 263
244 267
244 262
244 269
244 250
244 270
244 249
244 257
244 261
244 254
245 261
245 256
245 263
245 269
245 252
245 259
246 251
246 258
246 256
246 261
246 263
246 254
246 270
246 267
246 265
247 253
247 263
247 257
247 269
271 301
271 307
271 293
271 298
271 297
271 309
271 302
271 310
271 294
272 293
272 310
272 314
272 295
272 301
273 295
273 300
273 306
274 305
274 293
274 296
274 303
274 310
274 297
274 299
274 298
274 307
275 301
275 314
275 306
275 305
275 315
275 313
275 295
276 313
276 306
276 300
277 297
277 311
277 307
277 305
277 313
277 299
278 306
278 309
278 299
278 310
279 301
279 299
279 313
279 294
280 297
281 293
281 301
281 313
281 304
281 297
281 294
281 307
281 315
281 299
281 311
282 294
282 313
283 307
283 310
283 295
283 298
283 306
283 308
283 293
284 296
284 309
284 312
285 314
285 298
285 303
286 300
286 312
286 311
286 309
286 313
286 307
287 306
287 301
287 295
287 293
287 294
288 298
288 314
288 303
288 294
288 313
288 312
288 301
288 315
288 307
288 305
289 309
289 296
289 294
289 300
289 313
289 315
289 307
289 306
289 310
289 297
290 312
290 306
290 298
291 297
291 313
291 310
291 305
291 302
291 307
292 298
292 297
292 303
292 306
292 293
292 307
292 315
292 302
292 310
316 356
316 344
316 345
316 339
316 350
316 355
317 357
317 345
317 353
317 343
317 344
317 360
317 338
318 353
318 360
318 355
319 353
319 342
319 343
319 359
319 357
319 340
319 355
320 339
320 359
320 355
320 346
320 351
321 341
321 340
321 348
321 338
321 358
322 358
322 341
322 356
322 359
322 338
322 348
322 360
322 352
322 349
322 351
323 350
324 345
324 347
324 340
324 338
324 353
324 341
324 348
325 342
325 352
325 346
325 344
326 358
326 360
326 346
326 349
326 347
326 353
327 344
327 360
327 347
327 340
327 351
327 341
327 349
328 358
328 348
329 352
329 357
329 358
330 354
330 346
330 343
331 346
331 342
331 358
331 349
331 356
332 341
332 342
332 338
332 352
332 355
332 339
332 343
332 351
332 344
332 359
333 353
333 349
333 340
334 354
335 347
335 343
336 341
336 348
336 357
336 354
336 338
337 338
337 344
337 358
337 346
337 349
337 345
337 355
337 351
337 352
337 354
361 392
361 403
361 394
361 387
361 396
361 399
361 402
361 393
361 401
361 383
362 401
362 405
362 403
362 396
362 389
362 394
362 385
362 386
362 387
363 394
363 389
363 391
364 387
364 404
364 386
364 401
364 385
364 384
364 394
364 403
365 383
365 391
365 404
365 384
365 397
366 402
366 404
366 400
367 405
367 399
367 393
367 402
367 404
368 388
368 391
369 384
369 398
370 393
370 396
370 398
370 388
371 404
371 402
371 390
372 387
372 403
372 392
372 397
372 394
372 393
372 396
373 393
373 403
373 398
373 401
373 395
373 386
373 391
374 383
374 405
374 396
374 400
374 398
374 384
374 392
375 405
375 396
375 401
375 383
375 399
375 384
375 386
376 392
376 394
376 399
376 391
376 396
376 405
376 401
376 404
377 404
377 394
377 405
377 390
377 396
378 398
378 396
378 386
378 394
378 400
378 384
378 399
378 383
379 383
379 396
379 401
380 394
380 404
380 393
380 402
380 401
380 395
380 389
380 383
380 398
381 388
381 390
381 394
381 392
381 383
382 386
382 387
382 393
382 389
382 390
382 405
382 384
406 436
406 442
406 433
407 442
407 440
407 431
407 445
407 450
408 437
408 446
408 435
408 431
408 432
408 442
409 444
409 450
409 439
409 440
409 437
409 432
409 429
409 446
409 435
410 439
410 448
410 444
410 434
410 446
410 435
410 428
410 447
411 446
411 441
411 442
411 449
412 444
412 440
412 436
412 445
412 447
413 447
414 432
414 430
414 429
414 444
414 448
415 447
415 433
415 450
415 437
415 431
415 444
415 443
415 438
416 440
417 433
417 437
417 430
418 444
418 429
418 450
419 429
419 443
419 448
419 444
420 438
420 444
420 448
420 441
421 444
421 448
421 436
421 439
421 449
422 436
422 442
422 443
422 444
422 449
422 429
422 450
422 438
423 436
423 433
423 448
423 443
423 442
424 431
424 434
424 445
424 429
424 436
425 430
425 435
425 433
425 438
425 444
425 442
425 439
425 443
426 439
426 441
426 434
426 437
426 429
426 444
426 445
426 448
426 446
427 447
427 433
451 495
451 488
451 474
451 490
452 482
452 475
452 492
452 487
452 481
452 485
452 493
453 484
453 485
453 476
453 483
453 494
453 489
453 487
453 475
453 477
453 479
454 474
454 473
454 493
454 478
454 485
454 494
454 475
454 492
454 489
455 487
455 489
455 483
455 491
455 475
455 494
456 492
456 493
456 484
456 481
456 494
456 495
456 488
456 491
456 489
456 477
457 493
457 494
457 486
457 490
457 484
457 478
457 489
457 491
457 481
457 479
458 484
458 477
458 488
458 489
459 494
459 495
459 481
459 478
459 475
460 481
461 476
461 473
461 481
461 495
461 487
461 482
462 475
462 483
462 488
462 473
462 476
462 486
462 481
462 480
463 478
463 493
463 488
463 486
463 484
464 480
464 493
464 488
464 489
465 476
465 490
465 481
465 486
465 482
465 484
465 489
466 476
466 486
466 487
466 484
466 491
466 494
466 473
466 493
466 479
467 477
467 492
467 490
467 484
467 476
467 493
467 483
468 476
468 480
468 492
468 493
468 477
468 488
468 484
468 479
469 490
469 492
469 482
469 486
469 489
469 483
469 495
469 494
469 474
469 473
470 483
470 495
470 491
470 489
470 482
470 486
470 475
470 473
470 474
471 474
471 481
471 484
471 480
471 483
472 494
472 482
472 474
472 483
496 539
496 523
496 532
496 518
496 530
496 535
497 530
497 523
497 521
497 537
497 534
497 536
497 528
498 532
498 528
498 523
498 535
498 529
498 520
498 537
498 521
498 527
498 526
499 520
499 538
499 528
500 531
500 530
500 540
500 525
500 538
500 529
500 534
500 522
500 519
500 536
501 524
501 532
501 540
501 528
501 538
501 536
502 530
502 531
502 539
502 518
502 534
502 533
502 521
502 523
503 531
503 537
503 520
503 533
503 529
503 525
503 539
503 519
503 532
504 536
504 521
504 522
504 529
504 540
504 520
504 535
504 518
504 525
505 539
505 536
505 532
505 524
505 520
506 519
506 521
506 531
506 536
506 532
506 538
506 527
507 538
507 531
507 532
507 537
507 533
507 526
508 528
508 523
508 518
508 537
508 536
509 524
509 539
509 527
509 531
509 535
509 523
509 528
509 534
510 525
510 521
510 539
510 524
510 529
511 537
511 539
511 540
511 526
511 521
512 538
513 534
513 526
513 533
513 535
513 524
513 518
513 527
513 528
514 527
515 529
515 520
515 534
515 521
515 522
515 535
515 528
516 538
516 525
516 539
517 524
517 528
517 520
517 526
517 536
517 530
517 540
517 538
517 525
517 539
541 583
541 566
541 570
541 578
541 581
541 564
542 565
542 576
542 579
542 566
542 580
542 571
542 577
542 563
542 584
542 583
543 565
543 583
543 563
543 566
543 582
544 572
544 585
544 578
544 581
544 568
544 574
545 570
545 573
545 566
545 575
545 582
545 574
546 573
546 579
546 574
546 582
546 564
546 572
546 567
547 585
547 577
547 579
547 570
547 568
547 572
547 563
547 574
547 580
547 582
548 570
548 568
548 580
549 563
549 568
549 584
549 578
550 584
550 569
551 572
552 568
553 574
553 565
553 579
553 567
554 575
554 573
554 563
554 578
554 564
554 581
554 576
554 572
554 583
554 568
555 583
555 570
555 566
555 584
556 563
556 572
556 567
556 579
556 585
556 573
557 578
557 567
557 584
557 570
558 566
558 585
558 570
558 579
558 569
558 583
558 577
558 571
559 582
559 563
559 566
559 574
559 577
559 578
559 584
559 569
559 576
559 581
560 581
560 585
561 578
561 583
561 566
561 581
561 573
561 584
561 574
561 575
561 572
562 577
562 570
562 568
586 621
586 626
586 610
586 628
586 615
586 612
586 614
586 624
586 620
586 609
587 616
587 620
587 609
587 608
587 617
587 629
587 621
587 623
587 618
587 614
588 622
588 609
589 624
589 625
589 628
589 617
589 630
589 620
589 613
590 629
590 627
590 621
590 614
591 616
591 613
591 614
591 619
591 618
591 623
591 628
591 627
591 615
592 609
592 623
592 610
592 628
592 611
592 625
592 624
592 620
592 629
592 627
593 629
593 623
593 608
594 622
594 612
594 627
595 610
595 617
595 614
595 630
595 608
595 619
595 627
595 615
595 621
596 621
596 623
596 608
596 618
596 620
596 628
597 610
598 620
598 622
598 628
598 616
598 629
598 615
599 613
599 624
599 622
599 616
599 618
599 615
599 627
599 626
599 611
599 629
600 624
600 612
600 627
600 608
600 616
600 628
600 623
600 618
600 615
600 611
601 625
601 617
601 620
601 610
601 629
601 621
601 623
602 610
602 626
603 617
603 628
603 616
603 620
603 619
603 626
603 625
603 618
603 621
604 615
604 628
604 618
604 610
605 622
606 630
606 610
606 615
606 612
606 616
606 613
606 626
606 629
606 608
607 619
607 623
607 621
631 671
631 656
631 660
631 655
631 658
631 657
632 668
632 674
632 667
632 657
632 671
632 665
632 654
632 675
633 654
633 659
633 662
633 656
633 667
633 658
633 666
633 673
633 671
634 672
634 674
634 675
634 670
634 671
634 662
635 666
635 665
635 654
635 668
635 658
636 667
636 672
636 668
636 665
637 664
637 669
637 670
637 660
638 675
638 661
638 673
638 669
638 665
638 664
639 669
639 672
639 657
639 662
639 666
639 665
639 658
639 671
639 653
639 660
640 663
640 654
640 657
640 667
640 658
641 670
642 665
642 668
642 672
642 674
642 666
642 658
642 663
642 654
642 673
643 654
643 666
643 671
643 668
643 663
643 667
644 668
644 664
644 659
644 658
644 672
644 666
644 670
645 654
645 658
645 665
645 672
645 662
645 659
645 657
645 656
646 672
646 671
646 664
646 662
646 668
646 655
646 666
646 667
646 673
646 657
647 671
647 672
647 674
647 663
647 658
647 661
647 673
647 654
648 663
648 674
649 662
650 654
650 657
650 660
651 658
651 663
651 657
651 664
652 655
652 674
652 657
652 666
652 656
652 672
652 663
652 659
652 661
676 717
676 715
677 719
677 710
677 713
677 720
677 704
678 699
678 720
678 704
678 714
678 701
678 708
678 709
678 706
678 707
678 705
679 716
680 698
680 700
680 717
680 713
680 708
680 707
680 709
680 714
681 705
681 710
682 707
683 709
683 710
684 719
684 715
684 698
684 712
684 707
684 718
684 717
684 710
685 720
685 705
685 715
686 707
686 709
686 718
686 706
686 715
686 717
686 700
686 699
687 712
687 704
687 719
687 710
688 700
688 720
688 718
688 713
688 715
688 701
688 705
689 698
689 702
689 700
689 701
690 717
690 709
690 702
690 701
690 705
691 713
691 701
691 715
691 700
691 717
691 714
691 719
691 704
692 702
692 708
692 716
692 703
692 719
692 701
692 704
692 713
692 715
693 713
693 719
693 710
693 708
693 699
693 711
693 703
693 698
693 709
694 705
694 707
694 717
695 715
695 708
695 719
695 701
696 702
696 720
696 716
696 708
697 720
697 719
697 716
697 703
697 700
697 699
697 698
697 707
697 701
721 745
721 743
721 746
721 762
721 753
721 758
722 756
722 761
722 747
722 765
722 744
723 764
723 760
723 751
723 763
723 748
723 761
724 759
724 748
724 754
724 750
724 758
724 747
724 757
725 751
725 753
725 745
725 743
725 757
725 764
726 752
726 753
726 747
726 762
726 763
726 750
726 764
727 764
727 757
727 748
727 753
728 762
728 750
728 765
728 756
728 746
728 759
728 753
728 758
728 755
728 757
729 762
729 754
729 753
729 752
729 760
730 748
730 759
730 761
730 750
730 755
730 752
730 760
730 763
730 754
731 753
731 744
731 763
732 765
732 754
733 745
733 765
733 758
733 743
734 754
734 744
734 757
734 753
734 750
735 763
735 745
735 764
735 761
735 760
735 756
736 749
736 748
736 754
736 762
736 757
736 763
736 758
736 746
737 757
737 760
737 756
737 765
737 762
737 751
737 752
738 761
738 763
739 764
739 747
740 756
741 744
741 758
742 756
742 744
766 809
766 788
766 808
766 797
766 801
766 807
766 802
766 799
766 794
767 796
767 793
767 806
767 791
767 792
767 808
768 797
768 808
768 803
768 788
769 797
769 806
769 790
770 805
770 800
770 807
770 801
771 797
771 798
771 792
771 788
771 804
771 789
771 799
771 801
771 790
771 802
772 807
772 801
772 805
772 790
772 795
772 792
772 799
772 808
773 797
773 793
773 790
774 788
774 807
774 790
774 808
774 803
775 806
775 793
775 789
775 798
776 809
777 788
778 796
778 802
778 793
778 805
778 790
778 792
778 807
778 804
779 805
779 799
780 810
781 796
781 807
782 805
782 794
782 788
782 793
782 801
782 808
782 800
782 798
783 797
783 790
783 791
783 798
783 806
784 792
784 793
785 807
785 790
785 810
785 792
786 807
786 802
786 804
786 789
786 800
787 809
787 808
787 800
811 850
811 847
811 848
812 838
812 846
812 853
812 847
812 843
812 854
813 847
813 840
813 848
813 853
813 833
813 855
813 836
813 835
813 834
814 835
814 844
814 854
814 846
814 850
814 833
814 839
814 840
814 838
815 837
815 842
815 855
815 849
815 851
815 840
815 836
816 836
816 854
816 841
816 847
816 843
816 850
816 846
817 843
817 840
817 850
817 852
818 848
818 851
818 838
818 842
818 850
818 846
818 840
819 854
819 849
819 836
819 837
819 850
820 850
820 840
820 842
821 837
821 852
822 842
822 843
822 846
822 839
822 840
823 850
823 848
823 836
823 845
823 844
823 852
823 839
823 840
824 836
824 847
824 835
824 854
824 849
824 841
824 843
825 849
825 833
825 845
825 848
825 853
825 852
826 846
826 834
826 836
826 842
826 841
826 838
826 848
826 844
827 839
827 844
827 841
827 847
827 853
827 849
827 851
827 852
828 854
828 849
828 851
828 835
828 850
828 838
828 848
828 836
828 834
829 852
829 849
829 853
829 840
829 854
829 835
829 833
829 834
829 836
829 850
830 838
830 844
830 834
830 841
830 849
830 850
830 840
830 854
830 848
831 836
831 837
831 840
831 845
831 839
831 852
831 844
831 847
831 850
832 851
832 843
832 841
856 880
856 896
856 887
856 900
856 897
856 898
856 895
857 885
857 894
857 883
857 897
857 884
858 892
858 887
858 878
858 894
858 899
858 891
858 880
859 884
859 883
859 878
859 899
859 890
859 891
859 885
859 892
859 881
860 880
860 886
861 890
861 885
861 879
861 893
861 899
861 887
861 900
862 888
862 900
862 892
862 881
862 896
862 898
862 883
862 897
862 879
863 891
863 885
863 888
863 897
863 886
863 881
863 892
863 884
863 893
863 900
864 896
864 889
865 896
865 895
865 890
865 892
865 899
865 886
865 897
866 880
866 895
866 892
866 897
866 891
866 896
867 887
867 880
867 891
867 890
867 895
867 884
867 878
867 898
868 891
869 900
869 891
869 895
869 880
869 885
869 892
869 884
869 897
869 890
870 878
870 880
870 887
870 898
870 889
870 879
870 893
870 897
870 888
870 900
871 885
871 900
871 896
871 886
871 897
871 894
871 880
871 884
871 895
871 879
872 880
872 896
872 884
872 886
872 892
872 888
872 895
872 881
872 897
872 887
873 893
873 879
873 895
873 882
873 888
874 879
874 893
874 887
874 891
874 881
874 896
874 889
874 883
875 880
875 881
875 898
875 891
875 886
876 882
876 888
876 881
877 894
877 898
877 876